1  
0011223344 1 John 79 98 91 100  
0022334455 1 Tom 59 72 60 81  
0011223344 2 Alice 100 100 100 100  
2423475629 2 John 60 80 30 99  
0  
2  
John  
Tom  
0  
1  
0011223344 1 John 79 98 91 100  
0  
1  
0000000001 1 AA 1 2 3 4  
0000000002 2 AB 2 3 4 5  
0000000003 3 AC 3 4 5 6  
0000000004 4 AA 4 5 6 7  
0000000005 5 AB 5 6 7 8  
0000000006 6 AC 6 7 8 9  
0000000007 7 AA 7 8 9 10  
0000000008 8 AB 8 9 10 11  
0000000009 9 AC 9 10 11 12  
0000000010 10 AA 10 11 12 13  
0000000011 11 AB 11 12 13 14  
0000000012 12 AC 12 13 14 15  
0000000013 13 AA 13 14 15 16  
0000000014 14 AB 14 15 16 17  
0000000015 15 AC 15 16 17 18  
0000000016 16 AA 16 17 18 19  
0000000017 17 AB 17 18 19 20  
0000000018 18 AC 18 19 20 21  
0000000019 19 AA 19 20 21 22  
0000000020 20 AB 20 21 22 23  
0000000021 1 AC 21 22 23 24  
0000000022 2 AA 22 23 24 25  
0000000023 3 AB 23 24 25 26  
0000000024 4 AC 24 25 26 27  
0000000025 5 AA 25 26 27 28  
0000000026 6 AB 26 27 28 29  
0000000027 7 AC 27 28 29 30  
0000000028 8 AA 28 29 30 31  
0000000029 9 AB 29 30 31 32  
0000000030 10 AC 30 31 32 33  
0000000031 11 AA 31 32 33 34  
0000000032 12 AB 32 33 34 35  
0000000033 13 AC 33 34 35 36  
0000000034 14 AA 34 35 36 37  
0000000035 15 AB 35 36 37 38  
0000000036 16 AC 36 37 38 39  
0000000037 17 AA 37 38 39 40  
0000000038 18 AB 38 39 40 41  
0000000039 19 AC 39 40 41 42  
0000000040 20 AA 40 41 42 43  
0000000041 1 AB 41 42 43 44  
0000000042 2 AC 42 43 44 45  
0000000043 3 AA 43 44 45 46  
0000000044 4 AB 44 45 46 47  
0000000045 5 AC 45 46 47 48  
0000000046 6 AA 46 47 48 49  
0000000047 7 AB 47 48 49 50  
0000000048 8 AC 48 49 50 51  
0000000049 9 AA 49 50 51 52  
0000000050 10 AB 50 51 52 53  
0000000051 11 AC 51 52 53 54  
0000000052 12 AA 52 53 54 55  
0000000053 13 AB 53 54 55 56  
0000000054 14 AC 54 55 56 57  
0000000055 15 AA 55 56 57 58  
0000000056 16 AB 56 57 58 59  
0000000057 17 AC 57 58 59 60  
0000000058 18 AA 58 59 60 61  
0000000059 19 AB 59 60 61 62  
0000000060 20 AC 60 61 62 63  
0000000061 1 AA 61 62 63 64  
0000000062 2 AB 62 63 64 65  
0000000063 3 AC 63 64 65 66  
0000000064 4 AA 64 65 66 67  
0000000065 5 AB 65 66 67 68  
0000000066 6 AC 66 67 68 69  
0000000067 7 AA 67 68 69 70  
0000000068 8 AB 68 69 70 71  
0000000069 9 AC 69 70 71 72  
0000000070 10 AA 70 71 72 73  
0000000071 11 AB 71 72 73 74  
0000000072 12 AC 72 73 74 75  
0000000073 13 AA 73 74 75 76  
0000000074 14 AB 74 75 76 77  
0000000075 15 AC 75 76 77 78  
0000000076 16 AA 76 77 78 79  
0000000077 17 AB 77 78 79 80  
0000000078 18 AC 78 79 80 81  
0000000079 19 AA 79 80 81 82  
0000000080 20 AB 80 81 82 83  
0000000081 1 AC 81 82 83 84  
0000000082 2 AA 82 83 84 85  
0000000083 3 AB 83 84 85 86  
0000000084 4 AC 84 85 86 87  
0000000085 5 AA 85 86 87 88  
0000000086 6 AB 86 87 88 89  
0000000087 7 AC 87 88 89 90  
0000000088 8 AA 88 89 90 91  
0000000089 9 AB 89 90 91 92  
0000000090 10 AC 90 91 92 93  
0000000091 11 AA 91 92 93 94  
0000000092 12 AB 92 93 94 95  
0000000093 13 AC 93 94 95 96  
0000000094 14 AA 94 95 96 97  
0000000095 15 AB 95 96 97 98  
0000000096 16 AC 96 97 98 99  
0000000097 17 AA 97 98 99 100  
0000000098 18 AB 98 99 100 1  
0000000099 19 AC 99 100 1 2  
0000000100 20 AA 100 1 2 3  
0  
3  
0022334455  
John  
0  
5  
1  
2  
0011223344  
0  
5  
0  
4  
5  
1  
5  
2  
5  
3  
5  
4  
5  
6  
5  
20  
2  
AA  
0  
1  
0000000001 1 AA 1 2 3 4  
0000000002 2 AB 2 3 4 5  
0000000003 3 AC 3 4 5 6  
0000000004 4 AA 4 5 6 7  
0000000005 5 AB 5 6 7 8  
0000000006 6 AC 6 7 8 9  
0000000007 7 AA 7 8 9 10  
0000000008 8 AB 8 9 10 11  
0000000009 9 AC 9 10 11 12  
0000000010 10 AA 10 11 12 13  
0000000011 11 AB 11 12 13 14  
0000000012 12 AC 12 13 14 15  
0000000013 13 AA 13 14 15 16  
0000000014 14 AB 14 15 16 17  
0000000015 15 AC 15 16 17 18  
0000000016 16 AA 16 17 18 19  
0000000017 17 AB 17 18 19 20  
0000000018 18 AC 18 19 20 21  
0000000019 19 AA 19 20 21 22  
0000000020 20 AB 20 21 22 23  
0000000021 1 AC 21 22 23 24  
0000000022 2 AA 22 23 24 25  
0000000023 3 AB 23 24 25 26  
0000000024 4 AC 24 25 26 27  
0000000025 5 AA 25 26 27 28  
0000000026 6 AB 26 27 28 29  
0000000027 7 AC 27 28 29 30  
0000000028 8 AA 28 29 30 31  
0000000029 9 AB 29 30 31 32  
0000000030 10 AC 30 31 32 33  
0000000031 11 AA 31 32 33 34  
0000000032 12 AB 32 33 34 35  
0000000033 13 AC 33 34 35 36  
0000000034 14 AA 34 35 36 37  
0000000035 15 AB 35 36 37 38  
0000000036 16 AC 36 37 38 39  
0000000037 17 AA 37 38 39 40  
0000000038 18 AB 38 39 40 41  
0000000039 19 AC 39 40 41 42  
0000000040 20 AA 40 41 42 43  
0000000041 1 AB 41 42 43 44  
0000000042 2 AC 42 43 44 45  
0000000043 3 AA 43 44 45 46  
0000000044 4 AB 44 45 46 47  
0000000045 5 AC 45 46 47 48  
0000000046 6 AA 46 47 48 49  
0000000047 7 AB 47 48 49 50  
0000000048 8 AC 48 49 50 51  
0000000049 9 AA 49 50 51 52  
0000000050 10 AB 50 51 52 53  
0000000051 11 AC 51 52 53 54  
0000000052 12 AA 52 53 54 55  
0000000053 13 AB 53 54 55 56  
0000000054 14 AC 54 55 56 57  
0000000055 15 AA 55 56 57 58  
0000000056 16 AB 56 57 58 59  
0000000057 17 AC 57 58 59 60  
0000000058 18 AA 58 59 60 61  
0000000059 19 AB 59 60 61 62  
0000000060 20 AC 60 61 62 63  
0000000061 1 AA 61 62 63 64  
0000000062 2 AB 62 63 64 65  
0000000063 3 AC 63 64 65 66  
0000000064 4 AA 64 65 66 67  
0000000065 5 AB 65 66 67 68  
0000000066 6 AC 66 67 68 69  
0000000067 7 AA 67 68 69 70  
0000000068 8 AB 68 69 70 71  
0000000069 9 AC 69 70 71 72  
0000000070 10 AA 70 71 72 73  
0000000071 11 AB 71 72 73 74  
0000000072 12 AC 72 73 74 75  
0000000073 13 AA 73 74 75 76  
0000000074 14 AB 74 75 76 77  
0000000075 15 AC 75 76 77 78  
0000000076 16 AA 76 77 78 79  
0000000077 17 AB 77 78 79 80  
0000000078 18 AC 78 79 80 81  
0000000079 19 AA 79 80 81 82  
0000000080 20 AB 80 81 82 83  
0000000081 1 AC 81 82 83 84  
0000000082 2 AA 82 83 84 85  
0000000083 3 AB 83 84 85 86  
0000000084 4 AC 84 85 86 87  
0000000085 5 AA 85 86 87 88  
0000000086 6 AB 86 87 88 89  
0000000087 7 AC 87 88 89 90  
0000000088 8 AA 88 89 90 91  
0000000089 9 AB 89 90 91 92  
0000000090 10 AC 90 91 92 93  
0000000091 11 AA 91 92 93 94  
0000000092 12 AB 92 93 94 95  
0000000093 13 AC 93 94 95 96  
0000000094 14 AA 94 95 96 97  
0000000095 15 AB 95 96 97 98  
0000000096 16 AC 96 97 98 99  
0000000097 17 AA 97 98 99 100  
0000000098 18 AB 98 99 100 1  
0000000099 19 AC 99 100 1 2  
0000000100 20 AA 100 1 2 3  
0  
2  
AC  
0  
1  
0000000001 1 AA 1 2 3 4  
0000000002 2 AB 2 3 4 5  
0000000003 3 AC 3 4 5 6  
0000000004 4 AA 4 5 6 7  
0000000005 5 AB 5 6 7 8  
0000000006 6 AC 6 7 8 9  
0000000007 7 AA 7 8 9 10  
0000000008 8 AB 8 9 10 11  
0000000009 9 AC 9 10 11 12  
0000000010 10 AA 10 11 12 13  
0000000011 11 AB 11 12 13 14  
0000000012 12 AC 12 13 14 15  
0000000013 13 AA 13 14 15 16  
0000000014 14 AB 14 15 16 17  
0000000015 15 AC 15 16 17 18  
0000000016 16 AA 16 17 18 19  
0000000017 17 AB 17 18 19 20  
0000000018 18 AC 18 19 20 21  
0000000019 19 AA 19 20 21 22  
0000000020 20 AB 20 21 22 23  
0000000021 1 AC 21 22 23 24  
0000000022 2 AA 22 23 24 25  
0000000023 3 AB 23 24 25 26  
0000000024 4 AC 24 25 26 27  
0000000025 5 AA 25 26 27 28  
0000000026 6 AB 26 27 28 29  
0000000027 7 AC 27 28 29 30  
0000000028 8 AA 28 29 30 31  
0000000029 9 AB 29 30 31 32  
0000000030 10 AC 30 31 32 33  
0000000031 11 AA 31 32 33 34  
0000000032 12 AB 32 33 34 35  
0000000033 13 AC 33 34 35 36  
0000000034 14 AA 34 35 36 37  
0000000035 15 AB 35 36 37 38  
0000000036 16 AC 36 37 38 39  
0000000037 17 AA 37 38 39 40  
0000000038 18 AB 38 39 40 41  
0000000039 19 AC 39 40 41 42  
0000000040 20 AA 40 41 42 43  
0000000041 1 AB 41 42 43 44  
0000000042 2 AC 42 43 44 45  
0000000043 3 AA 43 44 45 46  
0000000044 4 AB 44 45 46 47  
0000000045 5 AC 45 46 47 48  
0000000046 6 AA 46 47 48 49  
0000000047 7 AB 47 48 49 50  
0000000048 8 AC 48 49 50 51  
0000000049 9 AA 49 50 51 52  
0000000050 10 AB 50 51 52 53  
0000000051 11 AC 51 52 53 54  
0000000052 12 AA 52 53 54 55  
0000000053 13 AB 53 54 55 56  
0000000054 14 AC 54 55 56 57  
0000000055 15 AA 55 56 57 58  
0000000056 16 AB 56 57 58 59  
0000000057 17 AC 57 58 59 60  
0000000058 18 AA 58 59 60 61  
0000000059 19 AB 59 60 61 62  
0000000060 20 AC 60 61 62 63  
0000000061 1 AA 61 62 63 64  
0000000062 2 AB 62 63 64 65  
0000000063 3 AC 63 64 65 66  
0000000064 4 AA 64 65 66 67  
0000000065 5 AB 65 66 67 68  
0000000066 6 AC 66 67 68 69  
0000000067 7 AA 67 68 69 70  
0000000068 8 AB 68 69 70 71  
0000000069 9 AC 69 70 71 72  
0000000070 10 AA 70 71 72 73  
0000000071 11 AB 71 72 73 74  
0000000072 12 AC 72 73 74 75  
0000000073 13 AA 73 74 75 76  
0000000074 14 AB 74 75 76 77  
0000000075 15 AC 75 76 77 78  
0000000076 16 AA 76 77 78 79  
0000000077 17 AB 77 78 79 80  
0000000078 18 AC 78 79 80 81  
0000000079 19 AA 79 80 81 82  
0000000080 20 AB 80 81 82 83  
0000000081 1 AC 81 82 83 84  
0000000082 2 AA 82 83 84 85  
0000000083 3 AB 83 84 85 86  
0000000084 4 AC 84 85 86 87  
0000000085 5 AA 85 86 87 88  
0000000086 6 AB 86 87 88 89  
0000000087 7 AC 87 88 89 90  
0000000088 8 AA 88 89 90 91  
0000000089 9 AB 89 90 91 92  
0000000090 10 AC 90 91 92 93  
0000000091 11 AA 91 92 93 94  
0000000092 12 AB 92 93 94 95  
0000000093 13 AC 93 94 95 96  
0000000094 14 AA 94 95 96 97  
0000000095 15 AB 95 96 97 98  
0000000096 16 AC 96 97 98 99  
0000000097 17 AA 97 98 99 100  
0000000098 18 AB 98 99 100 1  
0000000099 19 AC 99 100 1 2  
0000000100 20 AA 100 1 2 3  
0  
5  
1  
5  
2  
5  
3  
5  
4  
5  
5  
5  
6  
5  
7  
5  
8  
5  
9  
5  
10  
5  
11  
5  
12  
5  
13  
5  
14  
5  
15  
5  
16  
5  
17  
5  
18  
5  
19  
5  
20  
5  
0  
4  
3  
AB  
AC  
AA  
AD  
John  
Tom  
0  
5  
0  
2  
AB  
AC  
AA  
0  
5  
0  
2  
John  
Tom  
AA  
0  
5  
0  
1  
0000000001 1 AA2asdffds 1 2 3 4  
0000000002 2 AB3459fdsw 2 3 4 5  
0000000003 3 AA3asdffds 3 4 5 6  
0000000004 4 AB3460fdsw 4 5 6 7  
0000000005 5 AA4asdffds 5 6 7 8  
0000000006 6 AB3461fdsw 6 7 8 9  
0000000007 7 AA5asdffds 7 8 9 10  
0000000008 8 AB3462fdsw 8 9 10 11  
0000000009 9 AA6asdffds 9 10 11 12  
0000000010 10 AA3asdffds 10 11 12 13  
0000000011 11 AB3460fdsw 11 12 13 14  
0000000012 12 AA4asdffds 12 13 14 15  
0000000013 13 AB3461fdsw 13 14 15 16  
0000000014 14 AA5asdffds 14 15 16 17  
0000000015 15 AB3462fdsw 15 16 17 18  
0000000016 16 AA6asdffds 16 17 18 19  
0000000017 17 AB3463fdsw 17 18 19 20  
0000000018 18 AA7asdffds 18 19 20 21  
0000000019 19 AA4asdffds 19 20 21 22  
0000000020 20 AB3461fdsw 20 21 22 23  
0000000021 1 AA5asdffds 21 22 23 24  
0000000022 2 AB3462fdsw 22 23 24 25  
0000000023 3 AA6asdffds 23 24 25 26  
0000000024 4 AB3463fdsw 24 25 26 27  
0000000025 5 AA7asdffds 25 26 27 28  
0000000026 6 AB3464fdsw 26 27 28 29  
0000000027 7 AA8asdffds 27 28 29 30  
0000000028 8 AA5asdffds 28 29 30 31  
0000000029 9 AB3462fdsw 29 30 31 32  
0000000030 10 AA6asdffds 30 31 32 33  
0000000031 11 AB3463fdsw 31 32 33 34  
0000000032 12 AA7asdffds 32 33 34 35  
0000000033 13 AB3464fdsw 33 34 35 36  
0000000034 14 AA8asdffds 34 35 36 37  
0000000035 15 AB3465fdsw 35 36 37 38  
0000000036 16 AA9asdffds 36 37 38 39  
0000000037 17 AA6asdffds 37 38 39 40  
0000000038 18 AB3463fdsw 38 39 40 41  
0000000039 19 AA7asdffds 39 40 41 42  
0000000040 20 AB3464fdsw 40 41 42 43  
0000000041 1 AA8asdffds 41 42 43 44  
0000000042 2 AB3465fdsw 42 43 44 45  
0000000043 3 AA9asdffds 43 44 45 46  
0000000044 4 AB3466fdsw 44 45 46 47  
0000000045 5 AA10asdffds 45 46 47 48  
0000000046 6 AA7asdffds 46 47 48 49  
0000000047 7 AB3464fdsw 47 48 49 50  
0000000048 8 AA8asdffds 48 49 50 51  
0000000049 9 AB3465fdsw 49 50 51 52  
0000000050 10 AA9asdffds 50 51 52 53  
0000000051 11 AB3466fdsw 51 52 53 54  
0000000052 12 AA10asdffds 52 53 54 55  
0000000053 13 AB3467fdsw 53 54 55 56  
0000000054 14 AA11asdffds 54 55 56 57  
0000000055 15 AA8asdffds 55 56 57 58  
0000000056 16 AB3465fdsw 56 57 58 59  
0000000057 17 AA9asdffds 57 58 59 60  
0000000058 18 AB3466fdsw 58 59 60 61  
0000000059 19 AA10asdffds 59 60 61 62  
0000000060 20 AB3467fdsw 60 61 62 63  
0000000061 1 AA11asdffds 61 62 63 64  
0000000062 2 AB3468fdsw 62 63 64 65  
0000000063 3 AA12asdffds 63 64 65 66  
0000000064 4 AA9asdffds 64 65 66 67  
0000000065 5 AB3466fdsw 65 66 67 68  
0000000066 6 AA10asdffds 66 67 68 69  
0000000067 7 AB3467fdsw 67 68 69 70  
0000000068 8 AA11asdffds 68 69 70 71  
0000000069 9 AB3468fdsw 69 70 71 72  
0000000070 10 AA12asdffds 70 71 72 73  
0000000071 11 AB3469fdsw 71 72 73 74  
0000000072 12 AA13asdffds 72 73 74 75  
0000000073 13 AA10asdffds 73 74 75 76  
0000000074 14 AB3467fdsw 74 75 76 77  
0000000075 15 AA11asdffds 75 76 77 78  
0000000076 16 AB3468fdsw 76 77 78 79  
0000000077 17 AA12asdffds 77 78 79 80  
0000000078 18 AB3469fdsw 78 79 80 81  
0000000079 19 AA13asdffds 79 80 81 82  
0000000080 20 AB3470fdsw 80 81 82 83  
0000000081 1 AA14asdffds 81 82 83 84  
0000000082 2 AA11asdffds 82 83 84 85  
0000000083 3 AB3468fdsw 83 84 85 86  
0000000084 4 AA12asdffds 84 85 86 87  
0000000085 5 AB3469fdsw 85 86 87 88  
0000000086 6 AA13asdffds 86 87 88 89  
0000000087 7 AB3470fdsw 87 88 89 90  
0000000088 8 AA14asdffds 88 89 90 91  
0000000089 9 AB3471fdsw 89 90 91 92  
0000000090 10 AA15asdffds 90 91 92 93  
0000000091 11 AA12asdffds 91 92 93 94  
0000000092 12 AB3469fdsw 92 93 94 95  
0000000093 13 AA13asdffds 93 94 95 96  
0000000094 14 AB3470fdsw 94 95 96 97  
0000000095 15 AA14asdffds 95 96 97 98  
0000000096 16 AB3471fdsw 96 97 98 99  
0000000097 17 AA15asdffds 97 98 99 100  
0000000098 18 AB3472fdsw 98 99 100 1  
0000000099 19 AA16asdffds 99 100 1 2  
0000000100 20 AA13asdffds 100 1 2 3  
0000000001 1 AA2asdffds 1 2 3 4  
0000000002 2 AB3459fdsw 2 3 4 5  
0000000003 3 AA3asdffds 3 4 5 6  
0000000004 4 AB3460fdsw 4 5 6 7  
0000000005 5 AA4asdffds 5 6 7 8  
0000000006 6 AB3461fdsw 6 7 8 9  
0000000007 7 AA5asdffds 7 8 9 10  
0000000008 8 AB3462fdsw 8 9 10 11  
0000000009 9 AA6asdffds 9 10 11 12  
0000000010 10 AA3asdffds 10 11 12 13  
0000000011 11 AB3460fdsw 11 12 13 14  
0000000012 12 AA4asdffds 12 13 14 15  
0000000013 13 AB3461fdsw 13 14 15 16  
0000000014 14 AA5asdffds 14 15 16 17  
0000000015 15 AB3462fdsw 15 16 17 18  
0000000016 16 AA6asdffds 16 17 18 19  
0000000017 17 AB3463fdsw 17 18 19 20  
0000000018 18 AA7asdffds 18 19 20 21  
0000000019 19 AA4asdffds 19 20 21 22  
0000000020 20 AB3461fdsw 20 21 22 23  
0000000021 1 AA5asdffds 21 22 23 24  
0000000022 2 AB3462fdsw 22 23 24 25  
0000000023 3 AA6asdffds 23 24 25 26  
0000000024 4 AB3463fdsw 24 25 26 27  
0000000025 5 AA7asdffds 25 26 27 28  
0000000026 6 AB3464fdsw 26 27 28 29  
0000000027 7 AA8asdffds 27 28 29 30  
0000000028 8 AA5asdffds 28 29 30 31  
0000000029 9 AB3462fdsw 29 30 31 32  
0000000030 10 AA6asdffds 30 31 32 33  
0000000031 11 AB3463fdsw 31 32 33 34  
0000000032 12 AA7asdffds 32 33 34 35  
0000000033 13 AB3464fdsw 33 34 35 36  
0000000034 14 AA8asdffds 34 35 36 37  
0000000035 15 AB3465fdsw 35 36 37 38  
0000000036 16 AA9asdffds 36 37 38 39  
0000000037 17 AA6asdffds 37 38 39 40  
0000000038 18 AB3463fdsw 38 39 40 41  
0000000039 19 AA7asdffds 39 40 41 42  
0000000040 20 AB3464fdsw 40 41 42 43  
0000000041 1 AA8asdffds 41 42 43 44  
0000000042 2 AB3465fdsw 42 43 44 45  
0000000043 3 AA9asdffds 43 44 45 46  
0000000044 4 AB3466fdsw 44 45 46 47  
0000000045 5 AA10asdffds 45 46 47 48  
0000000046 6 AA7asdffds 46 47 48 49  
0000000047 7 AB3464fdsw 47 48 49 50  
0000000048 8 AA8asdffds 48 49 50 51  
0000000049 9 AB3465fdsw 49 50 51 52  
0000000050 10 AA9asdffds 50 51 52 53  
0000000051 11 AB3466fdsw 51 52 53 54  
0000000052 12 AA10asdffds 52 53 54 55  
0000000053 13 AB3467fdsw 53 54 55 56  
0000000054 14 AA11asdffds 54 55 56 57  
0000000055 15 AA8asdffds 55 56 57 58  
0000000056 16 AB3465fdsw 56 57 58 59  
0000000057 17 AA9asdffds 57 58 59 60  
0000000058 18 AB3466fdsw 58 59 60 61  
0000000059 19 AA10asdffds 59 60 61 62  
0000000060 20 AB3467fdsw 60 61 62 63  
0000000061 1 AA11asdffds 61 62 63 64  
0000000062 2 AB3468fdsw 62 63 64 65  
0000000063 3 AA12asdffds 63 64 65 66  
0000000064 4 AA9asdffds 64 65 66 67  
0000000065 5 AB3466fdsw 65 66 67 68  
0000000066 6 AA10asdffds 66 67 68 69  
0000000067 7 AB3467fdsw 67 68 69 70  
0000000068 8 AA11asdffds 68 69 70 71  
0000000069 9 AB3468fdsw 69 70 71 72  
0000000070 10 AA12asdffds 70 71 72 73  
0000000071 11 AB3469fdsw 71 72 73 74  
0000000072 12 AA13asdffds 72 73 74 75  
0000000073 13 AA10asdffds 73 74 75 76  
0000000074 14 AB3467fdsw 74 75 76 77  
0000000075 15 AA11asdffds 75 76 77 78  
0000000076 16 AB3468fdsw 76 77 78 79  
0000000077 17 AA12asdffds 77 78 79 80  
0000000078 18 AB3469fdsw 78 79 80 81  
0000000079 19 AA13asdffds 79 80 81 82  
0000000080 20 AB3470fdsw 80 81 82 83  
0000000081 1 AA14asdffds 81 82 83 84  
0000000082 2 AA11asdffds 82 83 84 85  
0000000083 3 AB3468fdsw 83 84 85 86  
0000000084 4 AA12asdffds 84 85 86 87  
0000000085 5 AB3469fdsw 85 86 87 88  
0000000086 6 AA13asdffds 86 87 88 89  
0000000087 7 AB3470fdsw 87 88 89 90  
0000000088 8 AA14asdffds 88 89 90 91  
0000000089 9 AB3471fdsw 89 90 91 92  
0000000090 10 AA15asdffds 90 91 92 93  
0000000091 11 AA12asdffds 91 92 93 94  
0000000092 12 AB3469fdsw 92 93 94 95  
0000000093 13 AA13asdffds 93 94 95 96  
0000000094 14 AB3470fdsw 94 95 96 97  
0000000095 15 AA14asdffds 95 96 97 98  
0000000096 16 AB3471fdsw 96 97 98 99  
0000000097 17 AA15asdffds 97 98 99 100  
0000000098 18 AB3472fdsw 98 99 100 1  
0000000099 19 AA16asdffds 99 100 1 2  
0000000100 20 AA13asdffds 100 1 2 3  
0  
5  
0  
0