10
63
6 -122 83 -54 -16 -84 -103 116 170 145 -119 -169 -65 11 -51 126 119 48 -44 79 -83 -128 29 -50 88 -136 172 -165 150 69 -107 -193 127 -18 84 163 179 -5 128 36 -109 62 5 49 1 78 -133 -171 -178 -59 -126 -127 55 107 -32 -135 74 -147 -194 -21 139 143 4
100
102 -142 -124 -155 55 79 4 63 145 -113 6 189 -4 -99 -87 -100 -40 126 -191 113 50 22 171 -159 88 46 -126 158 92 188 1 -79 -50 56 -25 -182 -138 194 -118 -169 -127 149 166 91 -131 16 120 -70 84 199 175 -192 133 101 0 -13 66 -76 -167 64 97 -18 51 15 28 159 -22 -123 -134 -162 195 -63 33 -111 95 -49 109 67 -158 41 -42 34 182 -32 -77 -29 19 -163 -8 23 -19 178 -170 -67 -190 -145 75 -64 -188 -154
68
185 -46 49 67 -186 -191 -150 1 -12 5 -3 -109 -157 -33 -183 -172 -159 -21 -129 151 186 -92 38 59 -167 64 46 -4 -90 -97 144 68 -138 72 122 -113 17 -180 -162 4 -125 21 181 117 18 -19 -124 -117 -170 -184 96 79 85 95 69 -175 74 -137 82 -62 -37 -54 -29 -50 -98 -78 -79 15
57
127 -106 -125 -163 -124 -116 -165 -2 122 13 -156 36 6 -182 184 24 192 193 -158 9 45 56 -138 100 66 -4 -98 42 70 115 -6 151 186 125 -81 165 -151 -46 197 -157 -27 67 -18 -91 196 81 -140 54 60 -101 -57 -82 85 -26 140 176 15
99
-135 -117 63 188 -23 -93 119 -104 -57 167 -68 96 98 125 85 -53 -32 83 -163 -132 -194 -149 112 199 142 103 -35 114 -173 -8 93 -16 -124 -14 13 151 133 -192 23 155 51 -37 148 -200 -84 -102 -178 -109 158 10 -185 -131 -58 87 88 -158 7 31 16 138 -86 -152 -2 -189 -179 115 -105 -166 -155 -54 -195 62 193 141 73 -87 -1 64 20 -113 -133 181 200 -29 45 -146 -121 58 179 -85 -111 102 15 -78 -176 124 -12 -59 -99
81
-2 -81 -166 148 175 139 -92 -133 78 -27 -181 -130 76 -24 -188 128 -145 -32 -55 90 158 59 195 79 -21 102 52 26 28 142 -177 155 -67 43 99 -25 189 -112 166 -77 27 -9 -88 57 96 23 -131 152 123 194 -132 55 41 -142 65 70 -79 -173 115 50 -72 -178 42 -18 143 -182 -137 -4 -139 -144 16 -187 4 -120 -106 87 -141 -87 -149 -1 -47
82
-18 98 111 73 -10 -156 -180 123 -158 53 172 -80 159 95 -25 -71 -42 -190 182 49 -74 22 115 -131 -142 -110 -182 -112 33 21 121 113 103 -144 139 166 -12 -5 154 131 -57 -9 6 -179 189 119 -34 -52 171 -69 -23 -28 -22 -198 -53 -189 -139 59 -35 -38 -137 -114 101 16 -27 34 -32 18 -61 -143 -150 100 -184 40 164 -171 -108 -68 -24 190 -170 110
76
68 62 86 -162 -130 189 18 -111 178 -54 -109 -96 188 -31 -165 22 61 121 64 -152 39 -132 4 -154 114 -74 -72 132 195 160 154 -11 -136 -79 79 38 168 104 120 164 -16 83 70 -87 56 170 -118 147 65 -117 -22 192 166 143 -48 -26 -127 150 20 35 199 -122 -70 21 6 -68 -82 -57 157 67 73 51 -29 10 -182 3
65
84 82 30 -104 69 -44 -165 -15 -80 46 -117 -90 129 68 -157 -122 -130 -187 12 52 -176 -114 -142 111 75 71 174 -48 15 -85 11 91 67 -101 132 -63 -197 198 125 60 -146 -151 89 164 124 44 -106 128 8 -97 -120 -98 24 159 -30 42 -102 18 145 -57 177 34 -100 -25 -192
85
-33 -36 113 -154 -111 -124 -151 -27 -195 -182 -122 -37 164 -188 77 3 140 128 98 111 31 -56 -112 127 163 92 -73 165 -64 -15 -101 51 57 -121 152 155 -118 106 -173 -26 63 -142 107 196 87 156 80 -149 123 26 167 162 138 -198 -163 -152 151 -183 -3 69 -150 -88 -28 -189 -145 70 -69 -126 -42 79 -45 -141 194 -1 36 15 147 143 -140 -49 -132 35 42 76 67
