37 59 8965
69 16 *675
28 80 2961
28 56 158*
2* 53 9678
67 36 25*0
*4 41 8713
62 78 300*
88 30 4*85
5* 61 471*
89 89 9534
65 10 *337
81 *5 2763
80 94 *040
68 23 3*52
88 9* *008
30 64 117*
78 94 1575
9* 93 4022
30 74 10*4
86 67 1391
10 66 **59
61 48 56*6
6* 60 *134
65 75 9375
32 3* 7502
58 78 2566
67 5* 1*99
75 18 1065
76 88 9289
*4 99 9930
14 54 6743
94 *7 7671
59 52 1111
38 1* 5936
25 64 6985
28 96 911*
34 *2 71**
88 95 31**
18 12 1458
32 72 8373
81 92 6336
93 94 1846
33 ** 5*98
10 *6 4195
27 21 7831
88 *8 6351
59 69 75*3
25 66 7928
*7 43 7546
37 ** 1190
73 11 *549
96 27 9699
49 99 *929
10 20 7626
62 4* 1561
*1 1* 8*44
19 89 4331
47 81 9933
67 67 5311
84 *3 1786
57 35 6947
69 20 4255
87 15 2*93
15 39 5185
8* 69 6591
36 77 8021
69 30 2015
91 69 8352
80 96 8101
55 78 1*59
*1 79 5102
22 70 2674
18 86 7*63
38 88 57*6
18 83 3126
** 22 3225
9* 91 6611
72 79 3611
11 53 6876
75 64 *230
9* *1 2182
81 41 3**5
77 8* 7590
9* 23 *886
66 24 8689
** 19 *583
88 44 17*9
40 41 4**4
24 *6 1221
47 3* 7368
38 36 7*33
5* 83 9403
36 35 7273
** 98 7836
*3 43 2951
42 ** 4236
8* 26 2432
94 23 5614
80 *7 1535
0