666
819543998 36 5 79 7
1640104337 20 53 39 97
525902319 71 96 73 59
287286636 92 21 30 82
1153978132 92 10 73 7
1515144402 4 24 91 20
671202956 35 43 62 54
1539337613 98 4 42 100
567588674 71 26 90 42
854100074 54 70 6 52
1003114003 61 27 33 40
1120112556 6 30 90 66
1200921818 56 49 54 57
193215083 2 62 36 78
378430492 83 10 91 30
774336853 4 61 79 92
669361340 99 49 85 18
982589728 9 60 6 47
1041169334 95 10 88 10
1744176110 3 89 16 43
1650553815 26 65 42 20
1604162830 39 83 36 8
428939984 27 43 7 47
224645056 2 38 43 16
1322250059 77 22 18 89
881669163 51 52 49 69
949476699 30 58 34 45
1418262065 92 15 38 87
1907438471 50 63 32 55
1911149468 93 75 72 12
796725392 33 36 27 60
433289169 53 52 37 36
1382811218 77 23 18 40
1646770097 49 21 28 72
1120960275 38 28 26 4
96075098 51 35 18 19
1833581103 81 23 6 4
276096465 41 70 67 72
660595750 88 53 16 97
1306449988 24 45 41 69
368837833 3 81 73 8
1965839501 95 1 64 45
631374579 49 81 48 45
258925641 78 62 90 28
1627133270 65 84 66 40
406426091 45 94 54 95
1212268510 28 20 93 78
1219013987 59 69 10 29
897841283 6 19 74 61
559682170 59 85 99 54
1533136504 22 82 30 88
1428611194 16 69 72 57
670386365 24 4 62 53
432914554 84 56 32 45
1641119324 15 7 93 79
124671950 1 88 94 37
413700067 4 84 94 57
1047866767 74 100 43 78
1607621240 61 17 85 35
27972288 64 30 87 6
549960378 83 4 40 35
85098785 36 9 37 35
821015227 22 93 93 13
1229140762 13 62 79 68
158151471 100 80 25 28
1808624805 85 26 68 80
68162865 1 18 80 37
982919657 72 91 82 51
944518134 60 64 32 44
940046673 99 36 14 81
1541651403 87 43 5 42
1709966797 54 38 31 3
1412818496 99 12 38 52
1553632657 51 92 12 74
365747716 48 50 82 19
642382106 31 66 65 56
950276189 25 74 32 18
467503982 80 59 1 44
134130666 3 67 36 39
427419637 39 17 40 7
78838164 19 91 79 33
296826114 99 56 41 80
367654711 37 98 82 21
1385339976 92 21 51 64
272148700 57 27 45 45
147150374 33 74 44 38
194464659 46 94 45 28
698069937 14 60 80 81
102349136 37 68 78 77
1517308488 87 95 12 92
1972677090 42 24 84 95
229544986 74 7 100 67
1871014169 4 57 23 61
367352650 74 62 43 53
1573798394 27 17 71 50
7823158 82 65 75 82
582415614 2 55 29 57
1082251293 47 95 82 100
1303849478 94 43 85 58
1058522894 8 99 78 47
1193020424 53 73 99 24
1213336306 39 73 69 56
1469333884 60 9 52 16
1724390977 81 10 59 38
165920119 7 96 93 64
1222725835 14 17 69 78
94983110 93 7 70 74
771692734 81 20 35 19
1539706796 42 19 35 66
1577782693 57 24 50 63
444254950 62 36 21 22
983407410 81 35 63 71
851507684 94 100 13 81
1230870515 1 38 67 38
699784824 38 20 6 5
1668322834 52 28 30 62
1404193601 56 64 90 25
40718473 6 20 53 36
423865527 51 11 76 38
283432517 1 18 18 59
607181755 5 83 67 5
1472306698 63 36 77 60
1359408034 15 65 39 55
1554330967 56 44 63 97
1852569740 81 80 77 75
1292070131 31 68 44 22
1528046725 66 90 48 6
464882004 100 85 34 62
631193950 78 98 65 28
549674360 32 68 28 77
1749977830 17 69 81 37
1623671070 54 93 37 90
1840382545 15 88 26 19
1694143317 14 26 88 35
164233683 87 62 33 33
1951868820 74 65 3 5
279606016 16 16 53 84
5517287 75 11 84 90
561176148 66 86 76 95
272048226 56 58 43 90
247687857 31 40 42 95
1334163643 42 74 85 10
829965102 19 73 93 5
1309152112 49 74 50 7
1834183672 84 80 95 2
989019637 74 73 26 15
1670705100 35 76 15 16
1275043780 25 80 6 16
754178497 58 47 98 64
229506856 30 25 100 1
1416827881 53 26 53 7
817057978 98 74 70 5
286820466 63 12 43 88
1800404178 81 53 41 70
92579637 38 32 12 17
1921243879 64 3 97 19
129796611 80 89 12 52
828383322 34 58 9 30
1309852702 54 11 100 39
1501480332 52 91 72 46
812974592 27 52 78 32
778187746 49 98 28 12
1562061952 70 6 66 77
1686559924 25 4 92 15
934028196 63 91 76 52
825306736 40 79 55 98
895494412 74 87 37 4
214147632 70 28 24 98
460568442 70 94 27 59
1202220028 43 80 59 66
1295804379 84 5 18 61
41823607 80 73 61 48
1038056205 51 92 42 15
1908348026 21 65 33 58
1874603480 71 8 6 52
346919486 1 85 26 82
745510752 83 55 78 41
1612122677 93 59 15 15
678193981 77 92 3 89
1984784127 19 88 84 12
1602944767 41 84 70 16
1527441247 50 62 66 74
1863172794 4 23 55 87
1204033786 70 85 9 82
648266929 25 90 17 42
592969513 50 59 49 43
1016792714 87 63 70 34
69673630 52 98 91 20
1388580268 90 59 88 88
701037009 17 1 5 83
1589764589 59 18 15 13
231597163 35 47 36 79
1100804687 25 47 28 41
1786023511 12 80 56 90
1941003666 82 68 85 87
730401522 46 81 72 91
868915894 86 83 38 78
1140647688 56 3 91 28
1270914099 59 2 98 32
801930923 46 18 98 53
620510066 76 96 39 98
234161307 80 71 88 14
164821429 18 59 84 95
1929378069 89 40 46 14
1894791415 27 49 89 18
1318187872 84 100 57 47
382516508 29 22 46 31
1192324326 84 10 98 42
1083779615 78 9 48 47
1966365385 50 62 29 63
1645401479 37 72 54 38
724689050 97 99 8 88
423145491 68 73 8 50
675522432 99 84 83 25
244365528 62 19 36 26
993627825 93 61 3 58
1550412625 66 3 64 34
1046542707 60 30 76 36
130507239 46 96 23 73
691405331 40 98 90 52
940537414 94 24 94 85
441321698 15 18 65 38
1304836393 42 98 87 82
268034215 86 42 2 80
745075242 80 10 4 7
883720238 66 18 22 71
319620568 13 82 54 65
456209642 87 73 9 11
267758708 12 28 94 58
1525540513 97 93 90 14
236670484 94 94 10 100
1664201932 66 62 87 32
390281472 90 36 71 6
228213096 71 86 66 26
822334498 9 96 49 58
1113056899 6 11 75 59
91049043 90 90 90 63
321943820 53 36 76 99
1498831196 88 86 48 78
1497337555 59 38 60 63
291584189 35 14 62 18
146058754 59 38 17 28
644403472 2 48 28 55
1375463334 20 100 37 88
658219648 91 30 64 65
902412515 39 43 3 75
211388846 38 53 2 24
1619663554 37 86 72 36
32231290 89 81 39 100
894969852 40 15 72 84
1837728207 63 32 25 76
947102121 46 22 98 60
1705307514 36 47 45 40
1619486191 53 41 42 61
1475863024 76 3 11 77
373608065 91 76 45 46
1035276423 15 98 54 89
338787007 16 83 5 41
245475062 13 88 74 70
794131107 46 48 64 73
1807271953 29 63 23 51
888709657 100 14 14 57
882530328 62 82 51 66
687684839 36 82 58 30
460603139 28 14 59 92
987173479 82 16 13 51
1530898355 33 22 35 35
1191780789 3 28 4 50
760752426 3 68 55 42
1069827110 65 89 31 74
654062068 88 20 17 70
1770718595 56 5 37 26
985925135 33 12 68 3
1094178801 73 73 1 23
1554266458 48 11 45 96
1130360239 27 100 51 17
301360363 51 26 66 39
312715815 70 90 11 31
1249018965 1 50 16 5
298796627 95 86 81 3
1662630061 39 24 58 55
414254776 72 77 75 28
850149355 13 95 76 21
1167002784 86 42 44 79
1501804427 83 11 78 93
392334131 41 61 68 90
983209718 58 39 80 52
1226935702 83 53 94 9
667690172 31 75 57 73
711318543 57 98 51 30
1861586149 76 75 10 91
56136074 39 95 23 76
1452795863 21 99 78 19
1085221864 38 21 47 22
1119979976 3 4 48 100
1917226736 4 82 51 45
727387695 6 84 90 40
502092539 52 20 7 88
879817106 42 77 5 31
1315078691 85 35 36 48
773653177 58 62 13 89
307014748 99 48 18 42
747863745 87 45 59 35
698043070 53 34 63 75
1135974866 16 24 61 6
1586502500 3 38 77 4
188592183 85 54 49 89
1855088334 18 93 95 76
607954559 69 81 37 52
375219763 54 98 40 19
941785565 8 37 28 33
118957275 96 27 77 43
1658358839 27 74 41 95
156428428 56 92 16 59
1150629583 7 94 84 17
1707226640 21 6 99 50
1604760317 35 76 81 51
1441576071 12 91 42 68
1571038360 28 91 78 75
109380468 13 68 37 12
1299595940 63 97 17 70
399718243 52 58 33 15
1375678608 70 68 27 5
1969976077 95 51 87 10
295162579 99 5 80 43
616817141 8 34 59 53
842733716 70 65 13 17
1674488286 54 40 96 71
151002222 36 75 68 55
559253678 32 97 27 92
1725781972 23 43 45 13
206943062 96 28 67 99
1657140216 31 8 94 83
1907196460 65 44 41 69
953408342 29 7 26 35
1365312414 74 99 18 72
914307715 32 57 79 76
1118261171 39 92 69 5
129538057 76 7 68 23
313532127 53 39 42 56
535865190 99 22 17 81
1470411970 62 24 45 34
214019502 92 26 73 38
976907517 18 22 1 54
1987667610 32 83 24 65
914956785 20 52 41 89
1849516396 63 61 87 39
143984243 64 83 51 48
914061655 36 20 10 68
1505044408 70 24 57 2
133060640 66 9 51 68
1786745324 68 40 31 14
1518302988 25 16 54 83
75828305 55 92 38 24
505153040 10 37 13 19
1877618722 65 90 18 6
1611586608 9 94 18 54
1945907659 65 43 71 35
1245968691 28 96 3 13
719845768 92 50 43 15
1788565855 58 78 70 67
1999736301 73 97 71 35
1702526512 95 23 3 86
1844368521 62 28 4 81
384655616 5 16 62 46
1391411549 14 90 13 43
135770231 86 99 65 100
909280517 20 2 32 80
352895885 88 3 98 1
61500649 54 79 52 31
73678607 57 1 24 57
49690885 40 69 69 100
1580052400 4 48 59 90
733647678 91 62 44 60
1780496896 61 94 53 54
1074249102 73 75 86 72
585511561 9 17 18 76
1848302445 66 59 46 44
72549452 55 26 49 3
1552531189 20 39 84 47
1304935621 20 30 93 86
201973689 27 38 44 74
396151833 95 12 65 41
976058536 71 77 69 62
258133237 8 53 10 17
1992879694 69 37 62 58
1390611639 30 3 75 66
903160471 25 63 28 41
1732765382 2 37 52 74
907433422 100 10 25 69
419419445 77 9 45 63
431082741 49 20 10 97
1040054841 67 61 58 32
1810386366 9 37 8 12
149535309 53 53 2 85
202574407 33 60 2 32
1088217678 57 62 72 43
1002394687 44 62 77 54
1431705461 55 71 5 22
220015221 98 23 47 71
1823845176 39 75 16 25
545053933 67 85 73 96
1088131059 93 52 82 37
1173110573 36 58 52 46
622135476 78 32 97 38
341509138 93 68 20 91
1208927245 17 42 97 42
440337697 10 51 57 22
1563693623 27 23 14 64
1528189580 98 93 50 36
222210180 66 58 40 27
1894628436 76 71 53 17
1498157926 50 93 69 2
1434984741 64 35 34 49
393702947 41 11 74 3
1621539359 41 21 77 96
38214050 15 23 37 26
284993533 39 13 14 70
677882424 68 87 83 9
1487689360 51 75 46 88
224200884 67 21 11 20
286168878 54 75 73 14
209061912 40 99 74 88
280266553 37 10 62 60
1490515655 86 58 83 82
1117318486 4 23 45 12
901185839 42 96 14 20
1280747218 48 73 5 59
546505587 49 37 45 59
810977968 38 53 34 78
1647024396 51 46 9 45
357536617 73 35 16 34
702970346 9 89 4 88
770523137 7 52 28 21
291331077 58 49 53 91
1946655181 85 13 48 84
969096434 51 15 27 32
1639337448 83 44 48 40
1118285298 41 41 24 95
1890106267 12 50 18 61
1347820699 69 58 33 76
1705204491 100 70 69 48
918189381 33 46 11 98
562494312 58 62 79 80
661818688 98 34 18 64
1608172900 8 16 73 64
1285308154 8 87 52 36
1190200131 97 75 11 61
943457983 75 41 45 43
631804799 51 14 77 40
1586519232 84 43 87 77
1106439332 82 75 63 23
141963846 59 93 1 85
1987741870 55 84 85 73
331240814 42 7 35 43
1148885931 38 57 23 28
999942363 18 21 19 33
149555100 99 32 56 1
1306743855 31 46 96 94
490530333 14 88 26 88
1195508921 11 60 98 38
1629812925 73 80 39 1
1314382125 73 52 79 15
292176821 86 62 32 13
1559531737 52 33 53 15
939114459 2 44 83 10
1932927794 6 32 64 96
46252126 58 18 11 89
1270433400 81 10 41 56
11538952 54 24 82 25
1495030490 67 28 80 31
1313742328 61 92 25 61
316598035 94 1 45 68
17989512 45 8 11 60
1234640220 82 40 61 98
865158378 86 18 6 68
943352231 74 6 15 48
1199073010 70 73 4 82
1794059909 95 29 37 11
122672104 56 27 28 38
1408256660 85 21 7 41
1346096695 41 27 46 31
1196851901 64 44 8 100
710454844 80 84 35 59
1232338688 24 61 17 19
1114288076 9 34 28 94
520931549 47 80 57 9
205754849 6 86 98 3
900924100 13 41 59 66
844913320 6 75 10 30
1001977995 31 45 59 8
1303197459 33 56 96 26
84247876 72 31 94 56
538669001 56 21 76 63
1733304203 73 27 67 93
1195555308 94 91 59 8
1732337272 71 2 49 95
1678564329 13 45 86 38
1716625928 64 69 30 58
94070596 47 100 48 24
575979029 39 29 83 23
911966281 13 26 18 29
1385615828 71 21 40 73
1827120288 58 28 95 51
872948743 65 18 45 57
1525061767 78 29 95 79
1340580808 5 70 93 39
366563328 54 79 26 33
484636592 27 3 100 69
1400220481 43 74 21 74
1590803173 51 82 43 6
1303011591 47 64 44 97
1369723773 59 62 33 76
806810780 50 51 8 93
66469470 36 58 34 45
779362019 59 71 21 15
313650484 16 54 77 64
1945449476 93 8 69 14
16238657 82 53 51 79
939077756 24 63 17 7
1865711418 36 47 28 16
960567377 57 52 70 71
824193470 37 86 30 82
51405060 43 19 76 21
555862599 56 22 1 18
767105441 3 79 48 49
1295829218 26 88 13 89
117255005 91 84 47 25
1184170917 3 89 99 16
979993131 8 18 92 47
885877022 91 69 65 72
1815573690 54 98 62 62
1049132188 35 15 10 96
1062389113 73 18 69 67
1053950990 90 38 17 75
552451944 85 30 71 66
369756633 59 9 14 75
1437490800 4 29 54 23
350182171 37 24 14 9
683702790 90 56 60 8
1145558405 75 100 89 45
782892928 49 39 35 78
698140542 3 29 67 22
1305460263 43 53 99 98
1157364740 76 11 100 13
1908577420 96 49 23 58
946211646 22 82 17 53
1313239800 26 27 91 47
32460429 23 16 53 97
868113681 30 85 35 13
212843201 34 11 53 61
1288341555 72 17 55 12
262789872 35 31 22 71
22221983 62 31 66 22
391486458 98 25 18 31
1978287392 67 71 88 48
1269167704 46 88 58 62
597220306 65 36 92 54
570498579 71 58 82 18
1422582159 7 33 21 13
272839641 82 92 75 61
1647834707 64 52 28 65
679798382 26 40 6 84
1862143060 48 21 56 21
327715388 55 34 63 33
1277118642 50 9 29 75
784483008 43 35 61 6
601067591 73 45 9 5
858835885 47 28 80 51
440849804 5 64 2 22
1007336013 70 78 33 57
1427922953 95 6 27 3
14617715 95 30 23 75
1190871422 64 40 23 14
369440568 30 25 2 14
14970890 17 78 53 11
1462639086 8 63 24 8
863537178 58 85 56 71
51705372 46 52 76 24
1276760293 29 1 56 61
636479168 27 34 92 24
880956870 56 65 79 26
1154455748 72 88 74 7
1622159682 100 13 95 36
814125933 100 29 98 12
379840030 79 49 60 59
1124149823 5 45 25 16
1824590275 10 74 49 53
416493157 85 71 18 72
1739268937 84 5 27 42
1947783607 35 23 15 6
406584189 1 43 57 57
1190824014 54 61 24 21
1216244204 98 66 58 14
223336286 52 2 87 36
1496343839 16 84 11 89
1306291304 72 3 94 74
1589930944 57 71 2 19
414273378 71 65 10 79
734343222 50 99 94 61
1434092876 63 31 83 19
1990206829 85 87 6 59
535689420 14 44 41 42
187182231 78 95 71 93
255673222 27 55 74 91
1255155844 79 98 59 60
1932155630 22 9 25 6
771212402 23 3 70 91
952012645 38 42 53 47
11402862 45 80 17 68
1341954027 32 38 12 72
1747816816 71 57 75 3
1629570647 69 87 80 5
1742349562 58 64 4 27
1635427646 18 17 43 62
447193048 31 100 5 11
1675354293 82 16 66 63
1542949572 57 36 30 29
2381074 23 89 11 42
340722559 97 88 87 75
512171171 26 85 38 81
128649932 24 4 43 48
228171445 7 95 93 78
621471379 71 71 49 98
301028609 45 88 19 41
350769545 12 55 37 1
1381247302 72 28 31 79
919821204 44 41 16 24
1458354712 36 24 68 74
1506479 48 18 37 68
1004595417 28 1 81 59
961131074 5 21 15 29
739431832 32 88 4 23
201428092 80 25 84 88
1837323522 48 63 68 61
1335055601 70 59 1 16
1410036266 13 81 13 63
557858877 45 58 67 18
949011547 10 20 53 98
1062017300 6 66 78 7
1561217082 99 14 64 57
326791998 87 14 10 46
1517301369 36 3 1 85
178672570 73 8 37 2
780928185 93 11 49 79
1733187161 70 3 70 27
1965254684 32 85 59 48
1556294239 63 11 75 50
1764556016 26 13 33 94
592240240 73 29 17 38
1666994969 14 35 49 94
1768348667 65 51 5 27
899637680 11 80 69 64
1398047618 43 51 49 75
1270272924 9 83 17 20
1057556774 85 94 90 39
894407861 49 21 25 49
1016874436 61 57 80 25
1857086419 84 75 83 25
1056057020 29 88 14 37
1772750866 86 16 24 37
237187422 18 89 77 15
182457359 91 68 48 95
1486057367 68 56 41 47
1027780726 88 1 48 57
4329034 29 26 77 35
