5 2
4 1 8613
5 2 8665
4 0
2 0
5 0
4 6
3 2 5475
2 4 5466
3 4 5492
4 2 5488
1 3 5486
2 3 5482
2 0
2 1
2 1 6895
4 0
2 1
2 1 2026
5 1
4 2 5685
5 7
3 1 7643
5 3 7633
4 5 7604
2 3 7631
5 1 7618
1 5 7612
2 3 7630
3 0
3 1
2 3 2167
2 1
2 1 9455
2 1
1 2 3558
5 8
1 2 5316
2 3 5332
1 3 5328
2 3 5268
3 1 5300
1 4 5349
4 1 5319
4 2 5312
2 1
2 1 2513
2 0
3 0
2 1
2 1 5110
2 1
2 1 885
3 0
2 0
5 1
1 3 1285
3 2
3 2 1126
2 1 1127
2 0
2 0
2 1
2 1 8480
3 2
3 2 2045
2 3 2030
5 7
5 1 7017
3 2 6970
1 2 6955
3 4 6950
2 1 6988
3 4 7014
2 5 7000
2 0
5 8
5 1 2580
5 1 2578
1 3 2569
5 3 2586
4 1 2583
2 5 2603
3 1 2600
4 2 2588
2 0
3 3
2 3 3523
3 2 3522
2 1 3521
4 0
3 1
3 2 4326
5 2
2 1 7174
1 5 7152
5 3
2 1 3342
1 4 3259
2 1 3297
2 1
1 2 9261
5 9
1 2 428
2 5 430
3 5 428
1 5 429
3 1 430
4 3 430
4 5 429
1 3 428
2 3 428
2 1
2 1 776
3 2
3 2 9114
3 1 9122
2 0
2 1
1 2 1416
5 0
2 1
2 1 2647
3 1
1 3 9024
4 6
2 1 9242
2 4 9227
2 4 9228
2 4 9228
2 3 9218
4 1 9205
3 1
3 2 6330
3 2
3 1 3892
1 3 3890
4 6
2 4 7048
2 3 7048
1 3 6967
3 1 7001
1 4 6989
1 4 7039
3 3
3 2 4616
1 3 4630
1 3 4620
5 1
4 5 3510
3 2
3 1 345
3 1 391
5 9
5 4 3369
5 3 3342
2 3 3408
2 1 3355
2 3 3348
4 1 3409
1 4 3364
2 5 3347
1 2 3348
3 2
2 1 4022
2 1 4018
4 4
4 2 2286
4 1 2283
4 1 2301
2 3 2297
5 9
5 3 7182
4 2 7167
5 3 7172
2 4 7188
1 5 7171
1 3 7165
4 5 7167
5 3 7170
3 1 7172
4 2
4 3 1869
4 2 1858
2 1
2 1 4293
4 0
5 9
2 1 1637
5 1 1661
4 3 1647
4 2 1651
2 3 1657
2 1 1636
2 3 1650
5 2 1649
3 4 1665
4 3
2 3 2346
1 3 2383
4 1 2326
3 2
2 1 1356
1 2 1346
2 1
2 1 6288
4 6
3 4 8898
1 3 8883
3 4 8868
4 2 8861
4 3 8863
1 3 8901
5 9
3 2 3607
2 1 3640
5 1 3603
4 2 3614
3 4 3654
5 1 3635
4 3 3597
2 3 3660
2 5 3603
4 6
2 1 1303
4 2 1272
3 4 1253
3 4 1299
1 4 1265
4 1 1284
4 3
2 4 5215
3 1 5214
2 1 5201
2 1
2 1 2260
2 0
3 2
1 3 7872
1 2 7862
3 1
3 1 2814
3 2
1 3 9034
3 2 9028
5 2
1 3 9273
1 2 9286
2 0
4 5
1 2 2000
1 4 2006
4 2 1993
4 2 1998
4 1 1991
4 0
4 4
2 4 9048
2 3 9053
1 3 9049
1 2 9052
3 3
2 3 3386
3 1 3397
3 2 3410
3 0
3 3
1 2 9732
3 1 9792
2 1 9730
4 4
2 3 8749
2 4 8698
2 3 8757
4 1 8765
4 3
2 3 271
4 2 276
2 4 275
4 0
5 0
2 0
3 3
1 2 2101
2 3 2113
1 2 2111
2 1
2 1 71
4 1
2 1 1284
2 1
1 2 7292
2 0
5 9
2 1 8520
3 4 8564
2 3 8564
2 4 8532
1 3 8507
3 2 8503
3 4 8571
3 2 8520
2 1 8508
3 2
2 3 3322
2 3 3365
4 0
3 1
3 2 1269
4 5
2 1 4827
3 2 4833
2 1 4848
2 4 4829
4 1 4841
2 0
3 0
4 5
3 4 7229
3 4 7212
3 2 7242
1 2 7296
2 1 7216
5 10
4 2 5684
2 5 5707
2 1 5730
2 5 5680
2 5 5728
4 2 5684
2 4 5697
3 5 5695
5 4 5713
4 2 5673
5 6
5 1 4138
4 1 4154
2 4 4103
3 5 4185
4 3 4134
1 2 4142
3 2
3 1 126
2 3 119
3 1
2 3 2141
5 7
2 1 9782
2 3 9775
5 3 9766
4 1 9787
4 3 9771
2 3 9779
1 4 9757
5 0
2 1
2 1 3940
2 1
2 1 5515
2 0
2 1
1 2 247
5 8
1 4 6154
4 2 6172
4 1 6146
1 2 6192
1 2 6163
5 3 6168
5 1 6171
5 4 6184
5 10
2 4 9642
2 4 9652
3 5 9639
3 2 9640
1 2 9652
2 3 9656
2 1 9652
4 2 9647
4 5 9642
3 1 9648
3 0
3 2
2 3 5664
1 3 5658
3 0
2 0
5 9
2 3 8541
1 5 8536
1 4 8570
2 4 8529
1 2 8553
4 3 8513
4 1 8566
4 5 8537
4 5 8539
5 7
3 1 6215
3 1 6222
2 3 6197
2 4 6214
5 3 6201
2 1 6207
3 1 6208
2 0
3 2
3 2 4545
3 2 4608
2 0
2 1
2 1 4619
3 2
1 2 2211
2 1 2223
2 1
2 1 190
3 1
2 1 9882
4 3
3 1 5107
1 3 5082
3 1 5094
3 2
3 2 5706
3 2 5753
2 0
2 0
4 6
4 3 8593
3 1 8645
4 2 8633
3 2 8597
1 3 8565
1 2 8649
5 6
5 4 2873
3 5 2922
2 1 2930
4 3 2881
5 2 2893
1 3 2885
2 1
2 1 6128
3 2
2 3 5320
3 2 5326
4 0
2 1
1 2 1236
2 1
1 2 5040
2 1
2 1 8083
4 2
3 2 6512
2 1 6517
5 7
2 1 6000
1 4 5947
5 2 5956
4 2 5949
1 3 5981
3 4 5981
2 1 5977
5 1
4 5 6026
3 3
3 2 4415
3 2 4423
2 1 4424
4 1
3 2 8137
2 1
2 1 7955
3 1
3 1 7047
2 0
3 3
3 2 6436
2 3 6433
3 2 6452
3 2
2 3 8812
3 1 8812
3 3
1 3 4968
1 3 4963
2 1 4981
5 9
5 2 7165
2 5 7172
5 3 7168
5 2 7177
5 4 7160
5 2 7184
2 3 7157
5 4 7181
1 3 7153
5 3
2 3 6522
4 1 6526
1 2 6520
3 2
3 2 9373
1 2 9375
2 1
1 2 7077
2 1
2 1 1134
2 1
1 2 2243
5 1
2 1 7617
4 1
2 3 7457
4 1
3 1 3360
5 4
5 3 2677
3 2 2649
4 5 2656
4 2 2694
2 1
1 2 6887
2 1
1 2 3667
4 4
2 4 7305
2 1 7297
3 2 7283
2 3 7273
2 1
1 2 7080
5 7
4 1 443
5 4 437
3 2 414
4 5 416
5 2 431
1 5 419
5 1 439
3 0
2 1
2 1 7083
5 4
4 2 1974
1 4 2018
4 1 1981
3 5 2030
4 2
2 4 9089
3 1 9126
4 2
1 3 9828
2 1 9821
5 0
3 2
3 1 621
3 1 633
4 5
4 1 1729
4 1 1727
1 3 1731
4 3 1721
2 1 1729
4 5
4 3 1144
1 3 1108
4 1 1132
1 2 1117
2 4 1127
3 3
2 3 5452
3 2 5450
2 1 5450
4 6
3 1 6816
3 4 6820
4 2 6827
2 1 6817
1 3 6819
3 4 6807
4 0
2 0
2 1
1 2 7432
2 0
2 1
1 2 4595
4 1
1 3 7125
4 2
4 2 4797
3 2 4814
4 4
4 1 4842
3 4 4820
1 3 4819
2 4 4841
2 0
2 1
1 2 4695
3 2
3 1 1696
2 3 1699
3 1
2 1 3801
5 7
4 2 419
4 2 417
2 4 418
3 5 418
4 3 418
5 4 419
5 3 419
2 0
5 0
2 1
2 1 6904
5 3
3 1 417
2 1 403
4 5 422
5 2
5 2 5699
5 4 5660
3 0
4 4
3 1 5433
4 3 5362
1 4 5419
1 3 5416
5 10
3 5 3282
2 3 3260
5 2 3314
1 2 3260
1 4 3260
5 4 3261
4 3 3266
3 1 3248
4 5 3285
3 5 3278
4 1
2 4 5293
4 2
1 4 4017
2 3 4027
4 4
4 1 6710
1 4 6723
2 4 6680
2 1 6715
4 6
1 3 1233
2 4 1233
3 4 1244
1 3 1210
1 3 1189
4 3 1240
5 0
2 0
5 2
3 2 8046
5 1 8054
4 1
4 1 2096
4 5
4 2 261
1 2 308
1 4 269
4 3 306
1 4 276
5 3
4 5 4514
3 2 4457
1 3 4469
2 0
2 0
3 0
2 1
2 1 5758
5 6
3 1 9896
5 1 9919
2 5 9937
3 2 9937
3 5 9892
3 4 9917
4 5
1 3 7237
3 4 7229
1 4 7219
3 4 7234
4 3 7259
3 1
1 2 6015
5 9
4 5 670
2 4 675
5 4 739
5 1 675
1 3 693
2 5 681
2 4 719
2 5 715
2 1 689
5 0
5 6
2 5 557
4 5 550
3 1 534
2 1 519
1 4 515
3 4 510
2 1
1 2 2019
3 2
1 3 7387
3 2 7340
3 2
2 3 716
2 1 696
4 5
1 4 3339
4 1 3343
3 1 3367
2 1 3365
4 2 3343
3 1
2 3 2481
3 3
1 3 3408
1 2 3388
1 2 3392
2 1
1 2 2511
4 6
3 4 9624
1 2 9603
2 4 9636
1 2 9644
2 1 9652
2 3 9650
3 2
3 1 8287
1 2 8276
2 1
2 1 6377
2 0
2 1
1 2 2611
2 0
2 0
3 1
3 2 625
2 0
2 0
5 10
4 1 8101
1 5 8092
3 2 8095
5 3 8085
2 3 8095
2 3 8086
4 1 8092
1 4 8083
5 4 8090
4 3 8103
3 0
2 1
2 1 9676
2 0
2 1
1 2 2577
3 3
1 2 9522
3 2 9474
3 1 9521
3 1
2 1 3026
4 4
1 4 2475
1 4 2435
1 3 2506
2 1 2475
4 0
2 0
2 1
2 1 3413
3 1
2 1 3806
4 5
3 4 148
3 1 78
2 1 143
3 1 110
3 2 80
4 6
4 3 6740
2 1 6736
4 2 6741
4 1 6749
1 3 6722
2 1 6742
4 4
4 2 5008
2 3 4980
2 1 4977
3 4 5017
5 4
2 1 2330
4 3 2324
4 3 2293
1 4 2303
4 5
4 2 4553
3 4 4537
4 1 4542
4 3 4555
2 3 4536
3 0
4 4
2 3 2601
4 2 2607
4 3 2646
3 4 2621
3 3
2 3 4100
3 1 4102
1 2 4096
5 0
3 0
5 0
3 0
2 1
2 1 6218
4 5
3 4 3719
2 3 3720
3 4 3727
4 2 3727
1 3 3722
2 1
2 1 9695
3 3
2 3 4576
2 1 4581
3 2 4532
2 1
2 1 9198
3 3
3 2 7523
1 3 7523
2 1 7522
3 1
2 1 4921
3 2
1 2 6989
2 1 6981
2 1
1 2 3324
5 3
5 3 6050
3 4 6033
2 5 6024
5 1
2 3 2054
2 1
2 1 596
3 1
1 2 2813
3 3
1 3 1171
1 2 1174
2 3 1164
2 1
1 2 816
4 2
1 2 1579
1 3 1596
5 10
1 3 1369
4 2 1333
4 1 1341
2 5 1372
3 4 1328
4 3 1378
3 2 1330
5 4 1320
1 4 1324
5 4 1335
5 10
1 4 7101
1 5 7095
5 1 7101
2 3 7108
4 2 7110
3 1 7107
3 4 7109
5 1 7096
1 4 7098
3 4 7097
3 2
1 3 3382
3 1 3382
5 0
5 2
4 3 3683
3 1 3670
2 1
1 2 188
3 1
2 1 4164
2 1
1 2 1067
2 1
1 2 7176
3 3
2 1 8131
2 3 8133
1 3 8129
3 2
1 2 7591
1 3 7588
5 7
5 1 7242
3 1 7242
1 5 7242
1 2 7242
1 2 7242
4 2 7242
2 3 7242
5 1
4 5 5545
5 5
5 1 1971
4 1 1968
3 5 1971
3 1 1971
5 4 1969
2 1
2 1 4843
5 8
3 5 6573
4 1 6583
1 4 6565
1 3 6582
2 4 6576
4 1 6573
5 1 6581
3 1 6579
3 3
2 1 9477
2 1 9511
2 3 9479
2 1
1 2 9962
5 4
4 5 7269
3 5 7284
4 5 7281
3 5 7275
4 6
1 3 6362
1 3 6367
4 3 6356
1 2 6365
4 3 6360
2 4 6367
3 3
2 3 7036
3 1 7044
1 3 7031
4 0
3 1
3 1 7744
3 2
3 1 2671
3 1 2638
5 1
2 4 7398
4 2
2 1 7956
3 1 7957
3 1
2 1 2004
2 1
1 2 7859
4 4
1 4 34
2 4 35
3 2 31
3 1 39
3 1
1 3 642
5 8
4 5 7733
2 3 7675
4 1 7743
5 1 7697
4 3 7687
2 4 7686
3 5 7699
4 1 7725
5 4
1 3 8077
5 1 8058
4 1 8105
5 4 8051
2 1
1 2 2311
2 1
2 1 2933
4 2
2 1 8292
1 2 8323
3 1
3 1 3295
5 4
3 4 8403
5 2 8414
1 4 8420
4 5 8390
3 0
4 2
2 1 6522
2 1 6504
3 1
3 1 3573
2 0
4 3
1 4 9910
2 3 9874
3 2 9899
2 0
4 5
4 1 3538
3 4 3542
1 4 3599
4 3 3580
1 2 3611
4 1
1 3 7621
3 1
1 2 3496
3 0
2 1
1 2 2747
2 1
1 2 4636
2 1
2 1 1492
2 1
1 2 2803
5 7
1 3 4425
2 1 4440
2 3 4431
1 5 4456
2 1 4455
5 2 4420
1 5 4445
5 1
2 1 4638
5 3
1 2 9128
3 1 9168
4 3 9156
4 6
1 2 8064
2 3 8062
1 3 8065
3 1 8061
4 1 8073
4 3 8066
5 3
1 3 7103
2 4 7119
1 5 7093
3 1
2 1 7524
5 4
4 3 1341
1 5 1364
5 2 1354
1 5 1356
4 2
2 4 3077
4 2 3064
4 6
4 1 1250
2 3 1263
3 2 1267
2 1 1267
4 3 1258
2 3 1226
4 1
1 2 6953
4 6
2 3 8239
4 1 8239
3 4 8234
1 2 8234
4 2 8239
1 3 8239
5 1
2 3 4688
5 1
2 5 4673
5 4
2 1 5708
3 5 5745
2 3 5723
1 2 5705
4 4
3 1 9711
4 3 9728
4 1 9669
4 3 9687
3 2
1 2 124
3 1 134
4 2
3 4 4280
3 2 4276
2 1
1 2 3198
4 6
2 4 8857
2 1 8858
4 1 8865
4 3 8860
2 4 8861
3 1 8866
2 1
2 1 9297
5 8
2 1 281
2 1 284
5 3 282
4 3 278
1 3 282
3 1 281
3 4 278
2 3 280
4 4
4 2 1715
2 1 1731
3 2 1695
4 1 1695
2 1
2 1 5318
2 0
5 4
2 3 8741
4 3 8720
1 5 8726
4 3 8747
2 0
4 1
4 2 1698
2 0
5 1
5 1 4640
4 2
2 4 9484
3 1 9478
5 8
1 3 7682
2 4 7724
4 3 7757
4 2 7745
5 2 7681
5 4 7693
5 4 7737
2 1 7758
4 5
4 1 5301
1 4 5292
2 3 5265
2 1 5289
4 1 5252
2 0
3 3
1 3 1151
3 2 1105
1 3 1124
2 0
2 0
2 1
2 1 4994
3 3
1 3 4709
3 2 4673
3 1 4665
2 1
1 2 2634
4 0
2 0
4 0
3 2
3 2 1125
1 2 1127
4 2
1 2 3624
1 3 3615
5 2
3 5 2916
1 3 2909
5 1
2 1 7679
2 0
5 10
5 4 7902
3 5 7911
2 4 7923
2 1 7908
2 4 7938
4 1 7901
1 2 7933
4 3 7891
4 1 7928
2 3 7937
4 4
4 3 3832
3 1 3825
2 1 3825
4 1 3819
5 7
1 3 2877
4 2 2899
5 3 2884
3 4 2894
1 5 2926
1 3 2907
3 5 2897
5 7
4 5 3271
5 2 3248
3 5 3251
1 4 3260
2 3 3250
1 4 3251
3 1 3242
3 2
2 3 2322
2 3 2340
2 1
2 1 3764
5 10
5 3 9663
3 5 9670
4 5 9672
2 3 9667
5 1 9662
5 1 9671
2 1 9666
1 3 9664
3 5 9670
5 1 9664
2 0
5 1
4 5 9541
5 8
4 3 8818
1 3 8843
1 4 8877
3 2 8885
3 5 8869
3 5 8853
2 5 8825
4 2 8832
4 3
4 3 1448
1 3 1453
3 1 1445
4 0
2 1
1 2 7969
4 4
1 2 6454
3 2 6427
1 2 6459
2 3 6439
3 1
3 2 7122
5 4
2 4 6674
4 3 6673
4 5 6662
1 2 6652
5 6
2 1 9010
5 4 9008
4 5 9028
3 1 9042
1 4 9011
1 4 9010
4 1
3 1 8204
5 1
1 4 953
2 1
1 2 5348
4 6
3 4 7108
3 2 7103
4 1 7106
2 4 7091
2 4 7100
1 2 7087
2 1
2 1 2710
4 1
2 1 3285
4 1
1 2 1170
4 2
1 2 8423
3 4 8437
3 0
2 0
4 4
1 4 7186
2 1 7185
1 3 7174
4 2 7154
4 0
4 1
1 2 2558
3 1
1 3 7384
3 2
1 2 990
3 1 1021
3 2
1 2 2971
2 3 2972
2 0
2 0
5 1
1 2 1594
3 2
2 1 940
1 3 947
4 3
1 4 3803
4 1 3809
1 3 3769
4 3
1 3 1099
4 1 1104
3 1 1110
2 0
4 0
4 5
2 1 8660
1 2 8657
1 2 8654
4 2 8603
1 4 8670
4 3
1 3 4884
4 2 4888
2 4 4899
5 9
2 1 4682
3 4 4659
1 3 4656
3 4 4699
5 1 4680
2 5 4666
4 5 4657
5 3 4674
5 4 4678
5 6
1 4 9195
4 3 9194
4 5 9160
2 3 9194
3 4 9182
3 5 9193
3 3
2 1 95
3 2 33
3 1 57
5 8
3 1 2435
1 5 2428
3 4 2424
5 2 2428
1 2 2437
1 2 2440
2 4 2412
1 5 2434
3 0
5 3
2 3 2854
1 2 2856
3 4 2849
5 6
4 3 1168
4 1 1162
3 4 1132
4 1 1163
1 2 1168
1 3 1147
3 0
2 0
2 1
2 1 2305
3 1
2 1 1484
5 9
5 1 6898
4 1 6891
3 1 6891
2 4 6888
1 4 6897
2 5 6892
4 3 6889
4 3 6892
3 2 6893
2 0
5 9
3 2 6422
2 3 6417
5 2 6390
2 5 6389
5 3 6483
4 1 6406
3 1 6403
5 3 6390
3 5 6465
2 0
4 6
4 3 826
1 4 810
4 2 817
2 1 838
1 4 822
1 2 825
3 3
1 3 92
3 1 92
1 2 94
4 3
4 3 9736
3 4 9720
2 4 9716
2 0
2 0
3 1
3 2 8374
5 6
1 4 5690
1 4 5686
1 3 5680
2 1 5650
4 3 5690
4 5 5707
2 1
2 1 1796
3 2
3 2 411
3 2 363
4 1
3 2 5355
4 6
1 4 9958
3 1 9953
4 2 9945
1 4 9967
2 3 9957
3 4 9949
5 1
1 2 988
4 0
3 0
4 4
1 4 9357
1 4 9379
1 2 9347
3 2 9332
2 1
1 2 6615
5 8
1 3 6070
1 5 6070
1 4 6070
5 3 6071
2 4 6071
4 3 6071
2 5 6070
5 3 6070
4 5
2 4 6965
1 3 6917
2 3 6921
1 2 6928
1 3 6914
2 1
2 1 2617
2 0
2 1
1 2 2215
2 1
1 2 3653
4 5
4 1 5028
4 3 5006
2 1 4982
1 3 5023
4 2 5043
5 8
5 2 7534
1 3 7534
2 1 7534
3 1 7534
2 3 7534
5 4 7534
1 3 7534
3 1 7534
4 1
3 4 143
2 1
1 2 9745
3 0
4 6
3 4 5133
4 2 5144
1 2 5144
2 1 5141
1 2 5132
4 3 5098
5 10
1 2 7215
5 3 7213
1 4 7196
5 4 7194
5 1 7190
4 5 7190
5 2 7193
4 3 7197
3 1 7197
3 1 7193
3 2
1 3 1482
3 1 1498
4 1
4 1 787
4 5
4 1 6604
1 3 6632
2 1 6633
3 4 6669
4 1 6624
3 2
3 2 8717
2 1 8721
2 1
2 1 7682
5 9
1 5 197
3 5 198
1 5 210
1 3 197
1 3 193
4 3 203
1 3 232
3 5 205
5 2 237
4 2
4 1 7500
4 1 7477
5 9
2 1 2293
3 1 2324
1 3 2296
3 4 2307
1 2 2313
4 3 2306
3 2 2355
5 1 2329
1 3 2329
2 0
5 1
2 3 6603
4 0
4 2
3 4 567
2 1 564
2 0
2 1
1 2 5629
2 0
4 6
4 2 908
2 1 966
4 3 927
4 3 927
1 2 946
2 4 922
5 2
3 2 5807
2 1 5812
3 3
2 3 9243
3 2 9253
2 1 9230
5 5
3 2 1987
5 3 1965
1 4 1950
2 5 1941
2 1 1917
5 9
3 1 8590
5 3 8582
2 5 8585
5 4 8591
3 5 8588
2 5 8580
5 4 8589
3 4 8586
4 3 8580
5 9
1 5 356
4 5 335
5 1 354
3 5 345
5 2 390
5 2 368
1 3 391
4 3 375
2 3 375
3 1
1 3 7191
4 6
1 2 3441
3 4 3399
3 1 3434
4 1 3385
2 4 3444
4 3 3382
3 1
2 3 4874
5 9
4 3 5378
4 1 5369
3 2 5393
1 5 5391
3 4 5376
1 2 5395
3 4 5394
1 3 5379
3 2 5381
5 1
3 1 2517
4 2
2 1 7827
4 1 7845
4 4
2 4 5132
3 1 5135
3 1 5126
2 1 5150
5 2
4 1 1907
5 3 1973
2 0
3 0
5 4
2 4 9190
3 1 9185
2 1 9193
2 1 9191
3 1
1 2 621
2 1
2 1 3411
2 0
4 4
4 1 6279
3 2 6280
4 3 6280
3 4 6269
4 6
3 2 8618
1 3 8625
1 3 8594
3 1 8611
1 3 8611
2 1 8658
2 0
3 0
2 1
1 2 3760
3 0
5 1
3 4 2499
5 3
3 2 4945
4 1 4909
4 3 4949
4 6
4 3 8669
2 1 8645
1 3 8656
2 3 8638
4 3 8649
2 1 8668
2 0
2 0
5 10
1 4 9297
5 1 9293
2 5 9327
4 1 9314
5 1 9312
2 3 9325
3 1 9304
5 2 9270
3 2 9301
5 2 9328
2 1
2 1 9344
2 0
4 3
3 1 6998
3 4 6984
2 4 6981
2 0
5 6
2 1 5079
2 5 5078
4 2 5038
1 4 5050
3 2 5038
1 5 5088
4 1
1 4 6650
3 1
3 1 2912
4 6
4 3 2656
3 1 2655
2 4 2668
4 2 2611
2 1 2611
4 2 2640
2 0
3 0
3 1
2 1 7923
4 6
3 4 7174
2 3 7169
1 2 7168
2 1 7146
3 1 7157
4 3 7164
2 0
2 1
2 1 3174
5 7
4 1 9318
3 4 9337
3 2 9339
4 5 9322
4 3 9320
4 5 9336
3 2 9340
3 0
2 1
2 1 6448
5 7
4 5 4737
2 5 4739
1 2 4739
2 5 4736
2 4 4737
4 2 4735
1 2 4736
2 0
4 5
4 2 9196
3 4 9201
4 3 9196
3 2 9195
3 4 9189
3 3
2 3 7289
2 1 7309
2 3 7257
2 1
2 1 9062
5 10
5 4 7348
3 1 7409
1 3 7355
2 5 7361
1 5 7346
1 3 7395
4 5 7403
1 2 7414
2 3 7391
5 2 7406
4 6
2 1 9247
3 4 9276
1 2 9269
2 1 9274
2 4 9265
2 1 9280
4 0
3 3
3 1 1326
1 3 1361
2 3 1352
3 2
3 1 1053
3 1 1050
2 0
4 4
2 1 8300
4 2 8300
3 2 8307
4 1 8308
5 1
4 3 1643
4 3
1 3 7518
3 1 7542
1 4 7509
4 0
2 1
2 1 2538
2 0
3 1
2 3 7134
4 6
3 1 6850
3 4 6840
3 1 6888
1 2 6844
3 1 6884
1 4 6903
5 4
1 2 6453
1 2 6504
2 1 6480
1 3 6522
5 8
5 4 4402
5 3 4389
1 5 4401
4 2 4389
1 3 4394
1 5 4392
4 5 4400
1 4 4396
5 5
1 4 8194
3 5 8155
2 5 8150
5 1 8150
1 4 8187
4 0
3 2
3 2 5767
1 3 5772
4 0
4 6
1 4 7508
4 2 7527
1 2 7539
3 4 7533
4 1 7540
4 1 7524
4 1
4 1 9183
5 2
4 1 9147
1 5 9151
3 0
4 2
4 2 2334
4 2 2380
2 1
2 1 740
2 1
2 1 6061
5 8
1 5 9106
1 4 9073
3 4 9095
1 5 9095
2 3 9085
5 1 9072
3 4 9100
3 2 9076
5 2
1 2 419
5 1 419
5 0
2 1
2 1 1501
4 6
4 1 8706
2 1 8764
1 3 8776
3 4 8773
2 3 8703
3 1 8787
3 3
3 2 3862
3 2 3856
1 3 3862
2 1
1 2 2536
3 2
2 1 8715
3 2 8718
5 7
2 3 3999
3 4 3993
3 5 3992
2 5 3996
5 2 3996
5 4 3997
3 2 3985
2 1
1 2 5967
3 1
3 2 2555
4 4
1 4 5327
1 3 5328
2 4 5328
4 3 5331
2 1
1 2 2833
2 1
1 2 5121
4 3
3 2 2891
4 3 2883
4 1 2893
5 5
1 3 870
3 5 827
4 1 807
4 2 824
1 4 847
2 0
2 0
4 4
3 2 1167
1 2 1131
1 4 1128
3 4 1147
3 1
1 3 6234
2 0
4 3
3 1 1283
1 3 1283
3 1 1291
5 7
3 1 2736
3 5 2734
1 4 2681
5 3 2691
5 1 2707
4 5 2693
2 5 2714
3 2
3 2 6407
2 3 6413
2 1
2 1 3553
3 3
3 1 4827
2 3 4849
2 1 4852
2 1
1 2 2967
2 1
2 1 3099
2 0
2 1
1 2 2134
4 3
1 2 113
2 4 117
3 2 181
3 1
3 2 9465
2 0
5 8
1 5 9788
1 3 9760
3 4 9812
2 4 9755
2 5 9827
1 3 9736
1 5 9813
2 4 9780
5 1
4 1 1120
5 10
1 4 9701
4 1 9663
1 2 9714
1 3 9652
1 5 9714
4 1 9667
2 4 9670
5 1 9703
4 5 9719
2 1 9715
2 1
1 2 2815
4 3
3 2 8053
3 4 8041
4 3 8086
2 0
4 5
1 2 1268
2 3 1268
2 1 1268
3 4 1269
2 3 1269
3 1
2 3 3298
5 0
4 1
2 4 8740
5 3
2 5 2787
3 2 2742
4 2 2735
2 1
1 2 7888
3 0
2 0
3 0
5 4
1 3 7206
3 4 7211
2 1 7234
5 1 7223
5 1
1 3 7121
2 0
4 5
4 3 5056
2 1 5051
1 3 5058
2 1 5063
4 1 5070
4 0
2 1
1 2 6323
2 0
3 1
1 3 5013
3 0
5 2
1 2 888
5 1 853
4 5
1 2 6338
4 3 6344
3 1 6343
3 2 6309
2 1 6304
4 2
1 4 3697
3 2 3708
4 1
2 1 5911
5 7
3 1 6955
4 3 6955
3 1 6947
2 4 6923
4 1 6947
5 3 6927
5 3 6922
3 1
1 3 3236
5 7
4 5 9646
1 5 9634
3 4 9619
5 3 9625
2 3 9629
4 5 9609
4 5 9631
5 3
2 4 2979
5 1 3008
5 1 2977
4 0
5 9
2 5 4798
1 3 4825
4 1 4799
3 4 4845
3 2 4827
2 1 4815
5 3 4825
4 1 4801
1 5 4801
3 0
4 2
3 4 9051
2 3 9078
3 2
1 3 1033
3 1 1050
2 1
1 2 1893
4 3
2 1 3792
4 3 3782
4 2 3792
5 8
2 1 7086
3 5 7073
3 2 7075
3 5 7071
1 2 7074
1 4 7088
3 4 7086
5 2 7065
5 9
5 3 444
5 4 432
3 2 471
2 3 421
1 2 444
1 5 468
4 1 484
3 4 417
4 1 478
5 5
2 1 999
1 3 1016
3 5 1014
3 1 989
1 5 998
5 5
5 4 3678
1 4 3686
4 1 3657
4 2 3689
1 5 3677
3 0
5 1
4 5 940
3 3
3 2 3171
2 3 3170
2 1 3162
4 5
3 1 5913
2 1 5925
3 2 5910
2 1 5923
1 3 5907
2 1
2 1 2743
2 0
5 8
2 1 3864
1 5 3906
1 5 3897
3 5 3859
4 5 3833
3 2 3835
3 4 3861
5 3 3877
3 2
3 2 8229
1 2 8226
2 0
5 6
5 3 4795
1 3 4806
5 4 4813
5 3 4802
3 4 4809
2 3 4814
3 2
2 3 8629
1 2 8609
3 2
1 3 5415
2 3 5415
3 3
2 3 7068
2 3 7057
3 1 7028
5 1
2 4 6769
2 1
2 1 2625
5 1
5 4 3158
2 0
4 1
4 1 4370
4 5
3 1 3206
3 1 3114
3 4 3206
1 2 3139
3 2 3176
2 1
1 2 7424
2 1
1 2 9065
5 1
2 4 5482
2 1
2 1 618
5 5
5 1 363
5 2 398
2 5 419
2 4 366
2 1 400
4 1
3 2 2443
3 1
1 2 7746
3 0
2 1
2 1 5817
4 3
1 4 7265
3 4 7265
4 1 7272
2 0
5 5
3 2 478
3 1 495
5 1 526
4 2 497
3 2 490
3 2
1 3 1787
1 3 1788
3 1
2 3 5678
4 3
3 2 257
3 2 310
3 4 296
2 1
1 2 6342
4 0
3 3
3 1 2561
1 2 2565
3 2 2506
5 10
2 5 1573
1 5 1575
5 4 1573
5 3 1572
1 4 1573
2 3 1573
4 2 1575
1 3 1575
2 3 1573
3 1 1574
3 2
2 3 1929
1 2 1945
2 0
3 0
2 1
2 1 646
5 4
4 5 4260
5 3 4206
5 3 4247
5 1 4270
4 1
3 2 386
2 0
2 1
1 2 6482
2 1
1 2 2904
5 4
3 5 6445
2 3 6463
2 1 6498
4 3 6439
3 0
3 1
2 1 7343
3 2
2 1 261
1 3 307
5 1
5 2 917
2 0
5 9
5 3 2249
3 1 2210
5 4 2236
1 4 2213
2 3 2208
1 2 2191
4 2 2237
2 4 2231
3 2 2254
5 2
1 3 5511
1 3 5569
4 2
2 3 6579
1 4 6581
3 2
1 3 5649
2 1 5631
3 1
1 2 5734
2 0
2 1
1 2 53
5 4
3 4 7160
4 2 7165
5 1 7151
3 2 7171
4 0
5 5
2 3 5580
2 5 5580
5 1 5586
3 1 5560
3 2 5573
4 1
4 2 6981
4 2
4 3 5172
2 4 5179
2 0
2 0
2 1
2 1 5134
3 3
3 2 3530
2 1 3526
2 1 3530
5 8
4 1 6200
4 5 6190
3 4 6199
1 5 6204
4 2 6204
2 3 6204
4 5 6192
2 4 6192
5 5
1 5 6221
3 2 6222
2 4 6279
2 5 6259
2 5 6282
3 0
3 1
2 1 7040
3 0
5 2
5 2 5175
4 5 5201
2 0
3 1
2 1 949
2 1
1 2 4069
2 0
2 0
3 1
1 3 5692
2 1
2 1 6228
4 1
4 1 770
2 1
1 2 3685
3 2
1 3 3358
2 3 3347
2 1
1 2 7474
4 1
4 3 3845
3 0
4 3
4 1 5332
2 1 5335
4 3 5308
2 0
3 2
2 3 5661
1 3 5634
3 1
2 3 2222
5 4
3 2 7757
1 5 7740
4 1 7749
1 4 7734
5 3
4 5 438
3 2 436
3 5 437
5 5
5 1 7419
2 3 7457
3 5 7427
4 3 7434
4 3 7428
3 2
1 3 9935
3 1 9907
5 4
2 5 5813
5 2 5829
4 2 5806
1 3 5814
3 2
1 2 2738
3 1 2733
3 1
3 2 6082
3 2
1 3 5996
1 2 6064
4 1
4 2 9533
3 3
3 2 5910
2 3 5970
3 2 5888
4 3
2 1 9512
3 2 9501
4 3 9504
3 3
3 1 226
2 1 250
3 1 234
3 1
2 1 7173
4 6
2 1 804
1 4 804
4 3 802
3 4 804
1 2 805
3 2 804
5 10
4 2 1560
5 2 1489
4 3 1551
4 1 1509
3 4 1559
4 1 1494
1 4 1526
1 3 1522
3 1 1511
5 3 1504
4 0
4 4
1 3 7246
2 3 7236
3 1 7231
3 4 7228
5 9
2 5 7107
4 2 7107
3 4 7103
1 5 7091
4 5 7116
3 4 7097
3 2 7110
4 2 7071
5 3 7098
3 2
2 1 7360
3 1 7329
4 4
3 2 9837
4 3 9836
2 1 9858
3 4 9822
3 1
1 3 5458
4 3
2 3 4802
2 3 4773
2 1 4801
2 1
2 1 1345
5 6
2 3 57
3 1 64
1 3 52
2 5 69
1 3 66
5 4 61
4 3
4 1 5662
4 1 5667
4 2 5653
5 8
3 1 5484
2 1 5494
3 5 5459
2 3 5466
2 1 5476
5 2 5475
1 4 5467
3 1 5487
2 1
1 2 8885
5 4
5 3 9922
3 5 9937
1 3 9929
2 5 9957
2 0
4 3
4 2 8892
2 4 8943
4 2 8906
4 0
4 6
4 1 7648
4 1 7680
1 2 7709
3 1 7694
1 4 7657
4 1 7683
3 1
2 1 9775
2 0
2 1
2 1 4002
3 2
2 3 8608
2 1 8580
3 1
1 3 8415
3 0
5 6
1 5 6318
5 3 6313
4 5 6311
4 1 6320
3 4 6323
2 3 6322
4 3
4 3 5825
2 4 5849
2 4 5795
3 3
1 3 9671
2 3 9676
3 2 9630
2 1
2 1 6058
3 2
1 3 5866
1 2 5874
3 2
2 1 2767
2 3 2760
4 0
5 7
1 2 4505
1 5 4498
2 1 4501
5 3 4500
5 2 4494
2 5 4498
2 4 4487
3 0
5 4
1 2 1413
4 1 1440
3 4 1433
4 2 1439
2 1
1 2 8640
5 3
3 5 1429
5 3 1459
5 3 1485
3 3
2 3 5867
1 3 5874
1 2 5854
4 3
3 4 8984
1 2 9016
3 1 9022
5 8
3 4 7721
2 4 7773
4 1 7748
5 3 7767
4 3 7764
5 3 7765
3 1 7732
3 1 7758
4 3
1 2 7491
3 1 7474
2 4 7485
4 6
1 2 6973
2 4 6969
1 3 6969
4 1 6972
3 2 6971
1 2 6973
4 5
4 3 1738
4 3 1748
1 3 1759
3 4 1754
3 1 1745
5 0
3 0
3 2
2 3 5691
3 1 5684
2 0
5 8
4 5 1417
2 5 1411
5 1 1424
5 3 1410
5 2 1420
3 2 1414
2 5 1410
4 5 1431
2 0
4 5
1 3 789
3 2 844
4 3 830
3 2 842
2 4 791
4 4
2 3 6489
4 1 6476
3 2 6503
4 1 6508
3 2
1 2 8513
1 2 8514
5 5
3 2 4601
2 4 4614
1 5 4593
5 4 4616
4 3 4568
3 0
5 10
2 3 4425
1 4 4432
2 1 4412
3 4 4418
4 2 4396
1 4 4400
1 4 4407
3 5 4395
3 1 4393
5 3 4409
5 1
3 2 7808
2 1
2 1 7076
3 2
2 1 8483
3 1 8483
3 1
1 3 3561
3 3
1 2 2958
3 1 2989
1 2 3010
3 1
2 3 5097
5 10
2 1 2780
5 3 2829
4 2 2821
1 3 2789
4 2 2804
1 4 2826
5 1 2781
5 1 2823
5 3 2829
4 1 2835
5 7
5 2 5077
5 2 5054
3 5 5114
1 2 5084
2 3 5061
2 1 5066
3 5 5089
3 1
3 1 9161
2 1
1 2 2849
3 0
2 0
4 4
4 3 270
3 1 271
1 3 327
1 4 246
4 4
4 1 6997
3 4 6999
2 4 6999
2 4 6998
4 0
2 0
3 0
4 1
4 1 8640
5 5
2 1 5102
4 5 5101
2 5 5098
5 4 5096
5 2 5098
2 1
2 1 9130
4 1
2 3 7406
3 3
2 1 5153
1 2 5163
3 1 5131
2 1
1 2 6662
3 3
2 1 6016
3 2 6020
3 2 6033
5 9
2 3 548
2 5 520
5 3 536
3 2 518
1 2 540
4 2 540
3 1 547
4 5 534
1 5 545
2 1
1 2 5870
4 6
2 4 9560
4 3 9555
3 2 9559
3 2 9551
2 4 9554
3 2 9554
2 0
3 3
3 1 7049
1 2 7046
2 3 7043
2 0
5 5
2 1 8044
2 3 7975
5 4 7995
1 4 8039
4 2 7994
5 3
2 1 8144
5 4 8124
3 1 8139
3 2
1 2 7558
3 2 7634
2 1
1 2 9814
2 0
4 0
4 6
4 1 7108
3 4 7107
4 1 7081
2 3 7120
4 2 7103
1 2 7079
5 2
4 1 7288
3 5 7300
4 4
3 1 7995
3 4 7998
1 3 8028
1 2 8015
3 3
1 2 8239
3 1 8228
2 3 8224
5 8
3 5 9629
1 2 9643
2 3 9634
3 5 9633
2 5 9633
2 3 9660
5 2 9659
3 4 9649
3 3
3 2 1084
2 3 1079
1 2 1086
2 1
1 2 8208
5 10
5 2 8297
2 5 8290
5 4 8311
3 5 8332
5 2 8319
4 2 8278
5 3 8296
1 2 8326
5 3 8282
4 1 8262
5 9
3 5 1716
5 2 1721
5 4 1746
3 1 1725
5 1 1755
2 5 1761
2 3 1709
4 1 1721
4 3 1757
3 1
2 1 2240
5 1
4 3 6703
4 5
3 2 1871
4 2 1865
3 1 1892
4 2 1883
2 1 1875
4 4
1 4 1872
3 4 1861
2 4 1889
1 3 1910
2 1
1 2 2909
3 3
1 3 7953
1 3 7953
1 3 7954
3 0
5 6
4 2 7565
1 2 7566
5 3 7566
1 2 7566
5 2 7565
4 3 7566
2 0
4 1
3 4 7074
4 6
2 1 5342
1 3 5341
4 2 5341
1 3 5340
1 4 5341
3 1 5342
3 1
3 1 2981
4 4
4 1 2575
3 1 2598
1 4 2601
4 3 2642
5 1
5 4 3609
3 3
1 2 6561
1 2 6532
3 2 6561
2 1
2 1 2204
2 1
1 2 5989
4 0
2 0
2 0
5 3
4 5 3344
5 4 3314
3 2 3314
5 9
4 5 9117
4 5 9148
3 1 9168
3 2 9094
3 1 9158
4 1 9168
2 1 9158
1 2 9125
4 1 9129
5 1
4 1 1477
3 2
1 3 6239
2 3 6300
4 5
1 4 1476
3 2 1490
2 1 1494
3 4 1499
1 4 1486
5 7
4 3 6396
2 3 6438
3 5 6457
1 2 6429
4 2 6448
5 3 6437
5 3 6400
5 9
3 5 6315
3 2 6327
4 3 6338
4 2 6360
5 1 6314
5 4 6340
2 1 6325
1 5 6367
4 2 6364
5 4
3 1 845
1 3 866
2 1 830
5 4 864
4 1
4 3 2158
5 8
5 1 1078
2 5 1075
2 5 1077
1 2 1076
5 4 1079
1 2 1078
5 1 1079
4 2 1076
3 0
2 0
5 3
5 4 8164
4 1 8147
1 2 8160
2 1
1 2 8584
2 0
3 0
2 0
2 0
3 0
4 4
3 4 8592
1 2 8614
3 1 8619
4 2 8562
4 1
2 1 5824
4 1
1 3 4913
3 3
2 3 5638
3 1 5636
2 1 5638
3 1
3 1 1542
4 6
1 2 2779
1 3 2785
4 3 2754
4 3 2758
2 3 2784
4 3 2811
4 0
2 0
3 3
2 1 6095
1 3 6125
2 1 6114
2 0
2 1
2 1 1096
3 1
2 3 8747
4 1
4 3 2149
5 9
2 3 9908
1 3 9909
4 2 9907
4 5 9908
1 2 9907
1 2 9909
5 3 9909
4 3 9909
1 3 9909
2 0
2 0
5 9
2 3 9898
5 3 9866
4 1 9880
1 5 9869
3 4 9889
2 5 9875
5 2 9894
2 4 9883
2 3 9894
3 3
3 1 6314
1 3 6376
2 3 6326
5 6
3 5 5272
5 3 5272
2 3 5279
2 3 5237
1 2 5296
3 2 5284
3 0
3 2
2 1 894
3 1 878
3 0
3 2
3 2 8135
1 2 8134
3 0
4 0
3 0
5 0
5 6
1 5 2878
2 3 2876
3 4 2883
4 3 2880
3 1 2860
1 4 2858
4 1
1 2 3406
2 0
4 1
1 3 8623
5 1
5 3 6066
4 3
2 4 5239
2 3 5233
3 2 5239
5 10
4 1 4768
4 5 4772
3 2 4761
1 4 4764
5 3 4772
5 1 4745
4 5 4782
5 1 4750
4 3 4767
2 3 4745
3 1
1 2 6470
3 3
3 1 5845
2 1 5836
3 2 5839
5 2
4 2 8769
1 3 8768
4 1
4 3 2750
3 3
1 2 8870
2 3 8870
1 2 8847
3 2
3 1 9146
2 3 9188
2 1
1 2 350
4 3
4 1 5417
2 1 5417
4 3 5427
2 1
1 2 6286
4 1
4 2 5153
2 1
2 1 6700
5 3
4 3 6939
2 5 6951
2 1 6923
5 8
1 4 1685
2 3 1700
3 1 1685
3 2 1694
1 2 1695
5 2 1683
1 3 1701
3 5 1684
2 1
2 1 3642
5 5
2 3 2761
3 1 2751
3 5 2733
1 3 2745
5 3 2738
2 0
3 1
1 3 5307
4 4
2 4 4047
3 2 4047
2 1 4048
1 2 4043
3 2
2 1 3144
1 3 3148
3 0
3 1
3 2 84
5 10
1 3 172
1 3 167
5 1 170
2 4 168
5 3 172
1 2 168
3 2 171
5 1 171
2 3 167
4 3 170
4 3
2 4 2182
4 1 2206
3 1 2180
4 5
2 3 2331
2 1 2302
3 1 2310
2 4 2353
3 2 2361
3 1
1 2 4777
2 1
2 1 562
2 0
4 3
1 2 1401
3 1 1391
4 3 1411
4 1
2 4 8738
4 6
4 1 2045
1 4 2026
2 4 2045
2 3 2026
2 3 2065
3 2 2059
2 0
4 6
2 3 283
4 1 290
3 4 270
1 2 282
4 3 274
3 4 273
4 5
1 2 9528
2 1 9576
2 3 9568
4 3 9551
3 4 9577
3 0
3 3
2 3 4659
3 2 4661
3 1 4663
2 0
2 1
2 1 3838
3 1
1 2 9854
5 3
5 1 5743
3 1 5755
3 5 5742
4 4
4 3 8787
3 1 8787
4 2 8787
4 2 8787
4 1
4 1 2060
5 6
2 1 2132
3 4 2153
5 3 2145
4 3 2146
4 3 2139
5 1 2129
2 1
1 2 3120
2 1
2 1 2113
4 6
3 4 5739
1 2 5747
2 4 5765
1 2 5779
4 1 5725
4 1 5733
3 3
1 3 9047
3 2 9099
3 1 9045
2 0
3 0
5 0
2 1
1 2 4310
2 0
4 6
3 4 3832
3 2 3831
2 3 3832
3 2 3824
3 4 3827
3 4 3829
3 2
2 1 7166
2 1 7173
2 1
1 2 7757
2 1
1 2 5936
5 7
3 5 3120
3 2 3151
1 5 3145
3 4 3121
4 3 3133
2 1 3132
4 2 3138
2 0
5 7
1 2 2627
1 4 2594
5 3 2624
4 1 2616
4 2 2629
2 1 2649
2 4 2608
3 0
3 2
2 1 1907
1 3 1908
3 3
2 3 729
2 1 725
2 3 730
3 2
3 2 5496
1 2 5498
5 4
4 3 5221
4 3 5204
4 3 5202
2 3 5194
3 0
4 5
4 1 5546
1 4 5541
4 2 5546
2 3 5547
2 4 5537
3 3
1 2 8911
3 2 8920
1 3 8917
5 7
4 2 4863
5 1 4854
1 4 4858
2 3 4890
1 5 4896
4 1 4903
1 4 4922
5 8
1 5 6170
3 5 6175
3 1 6208
3 4 6204
3 1 6197
3 1 6210
1 4 6203
2 5 6200
4 3
1 4 6422
2 3 6451
3 1 6453
4 6
4 3 675
1 4 711
1 4 707
4 3 682
3 2 672
4 3 671
5 9
3 2 5672
1 4 5671
4 3 5676
5 4 5680
1 2 5666
5 4 5665
1 2 5668
3 1 5677
4 1 5670
5 2
2 4 7268
5 1 7255
2 0
2 0
4 1
2 1 4964
4 3
1 4 2506
4 3 2498
4 2 2466
3 3
3 1 9847
2 1 9845
1 2 9851
5 9
3 2 1158
5 4 1137
2 5 1121
3 5 1129
3 2 1146
1 3 1112
3 4 1137
4 3 1112
5 1 1139
3 0
2 1
2 1 8438
5 4
4 1 7487
5 2 7467
3 1 7483
2 4 7478
3 0
5 8
3 4 1091
3 4 1149
5 1 1105
2 1 1171
2 3 1125
2 4 1095
1 2 1165
2 1 1126
5 10
4 1 9349
3 5 9342
2 4 9343
3 5 9344
1 5 9353
4 2 9342
2 5 9348
2 5 9347
5 1 9339
2 1 9341
2 0
3 3
2 1 6299
1 3 6288
2 1 6300
5 8
1 2 5575
2 3 5574
1 4 5575
5 2 5573
5 2 5574
4 2 5573
1 4 5575
4 3 5574
5 5
1 5 9064
2 3 9090
4 1 9087
1 5 9083
5 3 9086
3 1
2 3 8487
3 0
5 1
5 2 7656
5 6
3 2 1955
5 1 1954
4 2 1954
1 3 1955
1 3 1952
1 3 1953
2 1
1 2 8057
0 0
