118
9 3 871
3 3 25
4 6 530
1 3 30
5 7 40
5 7 30
0 9 90
1 9 90
2 9 90
3 9 90
4 8 90
5 7 90
6 6 90
7 5 90
8 4 90
9 3 90
9 0 90
1 1 1
6 2 500
2 6 500
7 10 898
4 5 484
6 6 507
9 3 705
3 4 30
7 2 201
6 1 109
3 3 898
9 7 398
5 4 287
1 7 544
3 7 245
5 10 951
3 8 521
2 7 109
5 6 587
7 10 972
9 4 347
6 6 108
7 1 546
10 4 720
5 5 784
8 3 397
3 4 768
2 9 297
2 3 987
3 2 349
4 2 461
8 9 171
2 5 273
3 6 119
10 10 919
9 5 160
8 9 825
10 5 731
9 4 291
3 4 752
10 4 618
2 6 666
2 6 136
5 7 38
4 10 292
7 9 554
7 10 373
8 8 530
1 7 555
4 6 862
2 4 193
9 2 703
6 7 175
8 6 584
2 9 505
1 9 354
8 6 857
7 7 78
1 2 232
6 8 285
5 4 680
5 4 126
1 5 95
5 6 590
5 3 425
1 7 120
9 5 844
2 7 104
1 7 316
8 7 671
1 10 48
4 5 429
1 4 74
9 6 644
5 1 337
7 8 525
1 9 332
6 4 287
8 9 798
1 3 631
9 2 879
8 10 867
9 4 345
1 5 746
3 10 227
3 3 597
3 7 783
10 9 896
6 3 906
5 9 688
1 7 612
8 4 639
10 5 534
8 7 848
5 10 235
5 4 348
1 6 627
10 8 104
3 5 106
8 2 221
3 7 851
