144
0
1
00
01
10
11
000
001
010
011
100
101
110
111
0000
0001
0010
0011
0100
0101
0110
0111
1000
1001
1010
1011
1100
1101
1110
1111
000000
000001
000010
000011
000100
000101
000110
000111
001000
001001
001010
001011
001100
001101
001110
001111
010000
010001
010010
010011
010100
010101
010110
010111
011000
011001
011010
011011
011100
011101
011110
011111
100000
100001
100010
100011
100100
100101
100110
100111
101000
101001
101010
10101...
Output
0
1
00
01
10
11
000
0101
010
0101
1010
101
1010
111
0000
010101
01010
010101
01010
0101
01010
010101
101010
10101
1010
10101
101010
10101
101010
1111
000000
01001001
0010010
01010101010
0100100
01010101
010101010
0101010101
0010010
01010101
0101010
01010101
010101010
01010101
010101010
0101010101
0100100
01010101
0101010
01010101
0101010
010101
0101010
01010101
010101010
01010101
0101010
01010101
010101010
01010101
0101010101
01101101
10010010
1010101010
10101010
101010101
10101010
1010101
10101010